0.1987
0.3894
0.5646
0.7174
0.8415
0.9320
0.9855
0.9996
0.9738
0.9093
0.8085
0.6755
0.5155
0.3350
0.1411
-0.0584
-0.2555
-0.4425
-0.6119
-0.7568
-0.8716
-0.9516
-0.9937
-0.9962
-0.9589
-0.8834
-0.7728
-0.6313
-0.4646
-0.2794
-0.0831
0.1166
0.3115
0.4941
0.6570
0.7937
0.8987
0.9679
0.9985
0.9894
0.9407
0.8546
0.7344
0.5849
0.4121
0.2229
0.0248
-0.1743
-0.3665
-0.5440
-0.6999
-0.8278
-0.9228
-0.9809
-1.0000
-0.9792
-0.9193
-0.8228
-0.6935
-0.5366
-0.3582
-0.1656
0.0336
0.2315
0.4202
0.5921
0.7404
0.8592
0.9437
0.9906
0.9980
0.9657
0.8948
0.7883
0.6503
0.4864
0.3031
0.1077
-0.0919
-0.2879
-0.4724
-0.6381
-0.7783
-0.8876
-0.9614
-0.9969
-0.9927
-0.9488
-0.8672
-0.7510
-0.6048
-0.4346
-0.2470
-0.0495
0.1499
0.3433
0.5231
0.6820
0.8137
0.9130
0.9758
0.9998
0.9839
0.9288
0.8367
0.7112
0.5573
0.3812
0.1900
-0.0089
-0.2073
-0.3976
-0.5719
-0.7235
-0.8462
-0.9352
-0.9869
-0.9993
-0.9718
-0.9056
-0.8033
-0.6689
-0.5079
-0.3266
-0.1323
0.0672
0.2641
0.4504
0.6188
0.7626
0.8759
0.9543
0.9946
0.9953
0.9564
0.8793
0.7671
0.6244
0.4567
0.2709
0.0743
-0.1253
-0.3199
-0.5018
-0.6636
-0.7990
-0.9025
-0.9701
-0.9990
-0.9880
-0.9377
-0.8500
-0.7284
-0.5777
-0.4040
-0.2142
-0.0159
0.1830
0.3747
0.5514
0.7062
0.8328
0.9262
0.9826
0.9999
0.9773
0.9158
0.8178
0.6871
0.5291
0.3499
0.1569
-0.0425
-0.2401
-0.4282
-0.5992
-0.7463
-0.8637
-0.9466
-0.9918
-0.9974
-0.9633
-0.8908
-0.7828
-0.6435
-0.4787
-0.2947
-0.0989
0.1007
0.2964
0.4802
0.6449
0.7839
0.8916
0.9638
0.9976
0.9916
0.9460
0.8628
0.7451
0.5978
0.4266
0.2384
0.0407
-0.1586
-0.3516
-0.5306
-0.6884
-0.8188
-0.9165
-0.9777
-0.9999
-0.9823
-0.9255
-0.8318
-0.7049
-0.5499
-0.3730
-0.1813
0.0177
0.2160
0.4057
0.5792
0.7296
0.8509
0.9383
0.9883
0.9989
0.9697
0.9018
0.7980
0.6623
0.5002
0.3183
0.1236
-0.0760
-0.2726
-0.4583
-0.6258
-0.7682
-0.8801
-0.9569
-0.9955
-0.9945
-0.9537
-0.8750
-0.7614
-0.6174
-0.4489
-0.2624
-0.0654
0.1341
0.3283
0.5094
0.6702
0.8043
0.9063
0.9722
0.9993
0.9866
0.9346
0.8453
0.7223
0.5705
0.3959
0.2056
0.0071
-0.1917
-0.3829
-0.5588
-0.7124
-0.8376
-0.9294
-0.9842
-0.9998
-0.9754
-0.9122
-0.8126
-0.6807
-0.5215
-0.3417
-0.1481
0.0513
0.2487
0.4362
0.6062
0.7522
0.8681
0.9494
0.9929
0.9968
0.9609
0.8868
0.7772
0.6367
0.4709
0.2862
0.0901
-0.1095
-0.3048
-0.4879
-0.6516
-0.7893
-0.8956
-0.9661
-0.9981
-0.9904
-0.9431
-0.8582
-0.7392
-0.5906
-0.4185
-0.2298
-0.0318
0.1674
0.3599
0.5381
0.6948
0.8238
0.9200
0.9795
1.0000
0.9806
0.9221
0.8268
0.6986
0.5425
0.3648
0.1726
-0.0266
-0.2246
-0.4137
-0.5864
-0.7356
-0.8555
-0.9413
-0.9896
-0.9984
-0.9675
-0.8979
-0.7926
-0.6556
-0.4926
-0.3099
-0.1148
0.0849
0.2811
0.4662
0.6326
0.7739
0.8843
0.9594
0.9963
0.9935
0.9510
0.8707
0.7556
0.6105
0.4409
0.2538
0.0566
-0.1429
-0.3367
-0.5170
-0.6768
-0.8095
-0.9100
-0.9742
-0.9996
-0.9851
-0.9314
-0.8405
-0.7161
-0.5632
-0.3878
-0.1969
0.0018
0.2004
0.3911
0.5661
0.7186
0.8424
0.9327
0.9858
0.9995
0.9734
0.9086
0.8075
0.6742
0.5140
0.3333
0.1394
-0.0601
-0.2573
-0.4441
-0.6133
-0.7580
-0.8724
-0.9522
-0.9939
-0.9960
-0.9584
-0.8826
-0.7716
-0.6299
-0.4630
-0.2777
-0.0813
0.1183
0.3132
0.4957
0.6583
0.7947
0.8995
0.9684
0.9986
0.9891
0.9401
0.8537
0.7332
0.5835
0.4105
0.2212
0.0230
-0.1761
-0.3681
-0.5455
-0.7011
-0.8288
-0.9235
-0.9813
-1.0000
-0.9788
-0.9186
-0.8218
-0.6922
-0.5351
-0.3566
-0.1638
0.0354
0.2332
0.4218
0.5935
0.7416
0.8601
0.9443
0.9909
0.9979
0.9652
0.8940
0.7872
0.6489
0.4849
0.3014
0.1060
-0.0937
-0.2896
-0.4740
-0.6395
-0.7795
-0.8884
-0.9619
-0.9970
-0.9924
-0.9483
-0.8663
-0.7498
-0.6034
-0.4330
-0.2452
-0.0478
0.1516
0.3450
0.5246
0.6833
0.8147
0.9137
0.9762
0.9998
0.9836
0.9281
0.8357
0.7099
0.5558
0.3796
0.1882
-0.0106
-0.2091
-0.3992
-0.5734
-0.7247
-0.8472
-0.9358
-0.9872
-0.9992
-0.9714
-0.9048
-0.8022
-0.6676
-0.5064
-0.3250
-0.1306
0.0690
0.2658
0.4520
0.6202
0.7637
0.8767
0.9548
0.9948
0.9952
0.9559
0.8784
0.7660
0.6230
0.4552
0.2692
0.0725
-0.1271
-0.3216
-0.5033
-0.6650
-0.8001
-0.9033
-0.9705
-0.9991
-0.9878
-0.9371
-0.8490
-0.7271
-0.5763
-0.4024
-0.2125
-0.0141
0.1848
0.3764
0.5529
0.7074
0.8337
0.9268
0.9829
0.9999
0.9770
0.9151
0.8167
0.6858
0.5276
0.3483
0.1551
-0.0442
-0.2418
-0.4298
-0.6006
-0.7475
-0.8646
-0.9472
-0.9920
-0.9973
-0.9628
-0.8900
-0.7817
-0.6422
-0.4771
-0.2930
-0.0972
0.1025
0.2981
0.4818
0.6462
0.7850
0.8924
0.9643
0.9977
0.9913
0.9454
0.8619
0.7439
0.5963
0.4250
0.2367
0.0389
-0.1604
-0.3533
-0.5321
-0.6897
-0.8198
-0.9172
-0.9781
-1.0000
-0.9819
-0.9248
-0.8308
-0.7036
-0.5485
-0.3714
-0.1795
0.0195
0.2177
0.4073
0.5806
0.7308
0.8518
0.9389
0.9886
0.9988
0.9692
0.9010
0.7969
0.6610
0.4987
0.3166
0.1218
-0.0778
-0.2743
-0.4599
-0.6271
-0.7694
-0.8810
-0.9574
-0.9957
-0.9943
-0.9532
-0.8742
-0.7603
-0.6160
-0.4473
-0.2607
-0.0637
0.1359
0.3300
0.5110
0.6715
0.8054
0.9071
0.9726
0.9994
0.9863
0.9339
0.8443
0.7210
0.5690
0.3943
0.2039
0.0053
-0.1935
-0.3845
-0.5603
-0.7137
-0.8386
-0.9301
-0.9845
-0.9997
-0.9750
-0.9115
-0.8116
-0.6794
-0.5200
-0.3400
-0.1464
0.0531
0.2504
0.4378
0.6077
0.7533
0.8690
0.9500
0.9931
0.9966
0.9604
0.8859
0.7761
0.6354
0.4693
0.2845
0.0884
-0.1113
-0.3065
-0.4895
-0.6530
-0.7904
-0.8964
-0.9666
-0.9982
-0.9901
-0.9425
-0.8573
-0.7380
-0.5892
-0.4169
-0.2281
-0.0301
0.1691
0.3615
0.5396
0.6961
0.8248
0.9207
0.9799
1.0000
0.9802
0.9214
0.8258
0.6973
0.5410
0.3632
0.1708
-0.0283
-0.2263
-0.4153
-0.5878
-0.7368
-0.8564
-0.9419
-0.9899
-0.9983
-0.9670
-0.8971
-0.7915
-0.6543
-0.4910
-0.3082
-0.1130
0.0866
0.2828
0.4677
0.6340
0.7750
0.8851
0.9599
0.9965
0.9933
0.9505
0.8698
0.7545
0.6090
0.4393
0.2521
0.0548
-0.1446
-0.3383
-0.5185
-0.6781
-0.8106
-0.9108
-0.9747
-0.9997
-0.9848
-0.9307
-0.8396
-0.7149
-0.5617
-0.3861
-0.1952
0.0036
0.2021
0.3927
0.5676
0.7198
0.8434
0.9333
0.9860
0.9995
0.9730
0.9078
0.8064
0.6728
0.5124
0.3316
0.1376
-0.0619
-0.2590
-0.4457
-0.6147
-0.7591
-0.8733
-0.9527
-0.9941
-0.9959
-0.9579
-0.8818
-0.7705
-0.6285
-0.4615
-0.2760
-0.0795
0.1201
0.3149
0.4972
0.6597
0.7958
0.9003
0.9688
0.9987
0.9888
0.9395
0.8528
0.7320
0.5820
0.4089
0.2194
0.0212
-0.1778
-0.3698
-0.5470
-0.7024
-0.8298
-0.9241
-0.9816
-1.0000
-0.9785
-0.9179
-0.8208
-0.6910
-0.5336
-0.3549
-0.1621
0.0372
0.2350
0.4234
0.5949
0.7428
0.8610
0.9449
0.9911
0.9978
0.9647
0.8932
0.7861
0.6476
0.4833
0.2997
0.1042
-0.0954
-0.2913
-0.4755
-0.6408
-0.7806
-0.8892
-0.9624
-0.9972
-0.9922
-0.9477
-0.8654
-0.7486
-0.6020
-0.4314
-0.2435
-0.0460
0.1534
0.3467
0.5261
0.6846
0.8157
0.9144
0.9766
0.9999
0.9833
0.9275
0.8347
0.7087
0.5544
0.3780
0.1865
-0.0124
-0.2108
-0.4008
-0.5748
-0.7259
-0.8481
-0.9365
-0.9875
-0.9991
-0.9709
-0.9041
-0.8011
-0.6663
-0.5048
-0.3233
-0.1288
0.0708
0.2675
0.4536
0.6216
0.7649
0.8776
0.9553
0.9950
0.9950
0.9553
0.8776
0.7648
0.6216
0.4536
0.2675
0.0707
-0.1289
-0.3233
-0.5049
-0.6663
-0.8012
-0.9041
-0.9710
-0.9991
-0.9875
-0.9365
-0.8481
-0.7259
-0.5748
-0.4008
-0.2108
-0.0124
0.1865
0.3780
0.5544
0.7087
0.8347
0.9275
0.9833
0.9999
0.9766
0.9144
0.8157
0.6845
0.5261
0.3466
0.1534
-0.0460
-0.2436
-0.4314
-0.6020
-0.7487
-0.8654
-0.9477
-0.9922
-0.9972
-0.9624
-0.8892
-0.7806
-0.6408
-0.4755
-0.2913
-0.0954
0.1042
0.2998
0.4833
0.6476
0.7861
0.8932
0.9647
0.9978
0.9911
0.9449
0.8610
0.7427
0.5949
0.4234
0.2349
0.0371
-0.1621
-0.3549
-0.5336
-0.6910
-0.8208
-0.9179
-0.9785
-1.0000
-0.9816
-0.9241
-0.8298
-0.7024
-0.5470
-0.3698
-0.1778
0.0213
0.2195
0.4089
0.5821
0.7320
0.8528
0.9395
0.9888
0.9987
0.9688
0.9002
0.7958
0.6596
0.4972
0.3149
0.1201
-0.0796
-0.2760
-0.4615
-0.6285
-0.7705
-0.8818
-0.9579
-0.9959
-0.9941
-0.9527
-0.8733
