-0.0276
0.7265
0.1092
1.1621
0.0803
-0.6367
-0.3215
-0.5176
-1.0948
-0.6935
-0.3285
0.0615
0.1112
0.7897
0.6619
1.7442
0.4385
-0.1642
-0.3882
-0.8911
-1.5190
-1.6385
-0.0108
-0.5030
-0.5282
0.9537
0.3246
1.7577
0.7891
0.2660
0.8666
-0.5668
-0.7073
-0.5978
-0.8304
-1.0705
-1.3956
-0.2412
0.9468
1.4512
1.1196
1.3002
0.6331
0.7173
0.2624
-1.1379
-0.9880
-0.6049
0.0503
-0.0585
0.1016
0.7476
0.3129
0.6903
0.2695
0.3621
-0.3458
-0.0908
-0.8428
-1.5548
-0.5735
-0.9016
0.1876
1.7741
0.6651
1.1007
1.4440
0.0215
0.6846
-0.6286
-0.3927
-1.2587
-0.0664
-0.0469
-0.5409
1.2110
0.5783
1.3671
1.0626
0.7427
1.3496
-0.9279
-1.3713
-0.5106
-2.0779
-0.4209
0.1897
-0.7255
0.4786
0.5515
1.4649
0.5851
0.9861
-0.2586
0.1714
-0.5818
-1.5741
-1.5293
-0.6646
-1.2514
0.6903
1.4085
1.2747
0.4129
0.9080
1.5148
0.5361
-0.2859
-0.4509
-0.3281
-0.7707
-0.5748
-0.1835
0.5169
0.6980
0.6108
0.4636
0.9407
-0.0934
-0.7754
-1.4098
-1.6529
-0.6283
-0.9212
-0.0163
0.7751
0.4861
1.2828
2.4432
0.6592
0.6798
-0.1793
0.0559
-1.0556
-1.2076
-0.5664
-0.5879
-0.4571
-0.7079
0.0700
0.7125
1.3452
1.0359
0.5269
0.2729
-0.7765
-0.7561
-1.0161
-0.5576
-0.4805
0.6180
-0.2147
2.0730
0.8644
0.2463
-0.0585
0.0192
0.2068
-1.2909
-0.7844
-1.3380
-0.1525
-0.4562
-0.0855
1.8184
1.1081
1.6236
1.2119
0.4225
0.5006
-0.6835
-0.6504
-1.7713
-1.4328
-0.0654
-0.1416
0.3051
1.0522
-0.3151
0.7138
0.0298
0.3422
-0.3684
-1.5455
-1.0341
-1.0612
-0.4178
-0.5581
-0.4252
0.6455
1.2003
1.1640
1.1070
-0.0888
-0.5364
-0.9080
-0.5874
-0.8574
-0.6823
0.0024
0.3079
0.3649
0.9051
2.1089
1.6426
0.3987
-0.7606
-0.5178
-0.6691
-1.9694
-0.3158
-0.0175
-0.3148
-0.0113
1.0090
1.2924
0.9293
0.5386
0.5689
0.8865
-1.2453
-0.0055
-1.9178
-1.3085
-0.2752
0.4576
-0.0399
0.6931
0.5778
0.1748
1.2440
-0.0040
-0.2428
0.3668
-0.7815
-0.9950
-0.4109
-0.2512
-0.4840
0.9477
0.9041
0.9543
1.2342
0.5965
-0.2519
-1.0636
-0.5037
-0.6020
-0.8167
-0.5702
-0.2079
0.2708
0.6371
1.6894
1.5453
0.5346
0.6704
-0.4834
-0.9986
-0.9912
-0.8887
-1.0943
-1.1518
0.4533
0.3023
0.8804
1.2922
0.9276
0.5664
0.2671
-0.1256
-1.0787
-0.8113
-0.6391
-0.4905
-0.9894
0.8404
0.1759
1.9277
0.6495
0.6556
0.9078
-0.8071
-0.3559
-0.5359
-0.7294
-1.2121
-0.2634
-0.5030
0.6171
0.5583
1.0911
0.5069
0.8156
-0.0917
-0.7643
-1.8513
-0.7394
-0.0934
-0.9926
0.4273
0.1098
0.2408
0.9746
0.7871
1.1536
-0.0055
0.0028
-0.3890
-0.8097
-0.8567
-1.0936
-1.2872
0.0895
-0.0647
1.3526
0.8347
1.3709
1.5224
0.0497
-0.5761
-0.1466
-0.7992
-0.9598
-0.6886
-0.7244
0.6617
0.3650
1.4625
0.7547
1.5718
0.6319
-1.5469
-0.5668
-0.2091
-1.1566
-1.2364
-0.3776
0.5865
0.7176
0.8105
1.2342
1.2193
0.6186
0.4824
-0.2173
-0.3029
-0.6259
-1.7038
-1.0746
-1.0314
0.1188
-0.5986
0.8186
1.5291
1.0957
1.2461
0.0634
-0.6851
-1.7185
0.3278
-0.7911
-0.1208
0.0568
0.0900
0.5489
-0.3021
0.4734
0.5418
0.0160
0.2183
-0.3737
-1.1642
-1.5895
-0.4482
-0.5157
0.1715
0.6563
0.7841
1.3559
1.0214
0.6182
-0.3957
-0.3350
-0.3013
-1.1828
-0.7571
-0.3849
1.3901
-0.1398
0.5583
0.7246
0.2222
0.8877
0.5708
-0.2608
-0.5702
-0.9330
-1.1511
-1.3001
-0.8925
-0.5204
0.7736
0.7935
1.1552
0.5828
-0.4363
0.2270
0.0209
-0.1431
-1.8734
-0.8262
-0.6688
-0.3152
0.0990
1.5814
0.3358
1.0972
1.0551
-0.5206
0.2061
0.2380
-0.9920
-1.1440
-1.6318
-0.4362
0.3903
-0.2655
0.0897
0.6800
1.0031
1.2564
0.5477
-0.2692
-1.0887
-0.9121
-0.7179
-1.1513
-0.2850
0.2235
1.2184
1.6640
0.0682
1.4162
0.2006
-0.6031
-0.7354
-1.0503
-0.8361
-1.0380
-1.3162
-0.3676
-0.6530
1.5122
0.6431
1.3203
1.0758
0.0028
-0.9266
-1.3818
-0.5148
-1.0555
-0.2979
-0.6938
-1.4415
-0.0438
1.2511
1.1027
1.8352
0.7539
-0.7774
0.8699
-0.2346
-1.7119
-0.8419
-0.7119
-0.6370
-0.6701
0.2001
1.0827
0.7079
0.3564
0.4164
1.2057
-0.4396
-0.5053
-1.2703
-1.6432
-1.0813
0.2269
0.4642
0.7932
1.4239
1.9674
1.1148
0.0174
-0.1585
-0.2566
-0.9321
-0.2338
-0.1182
-0.0220
-0.6065
0.0250
0.4173
1.5186
0.8114
1.4026
-0.0912
-0.5117
-0.9699
-0.3573
-0.3690
-0.4801
-0.3605
0.1919
0.5952
1.3242
1.4566
1.5058
0.7687
-0.7843
-0.1770
-0.8851
-1.3390
-0.8799
-0.4558
0.1070
0.6406
0.8263
0.7771
1.4763
1.2337
0.3079
-0.4132
-0.1108
-1.1788
-1.0741
-0.5980
0.3220
0.2665
1.0078
0.9194
1.0799
-0.2589
1.0116
0.3228
-1.1600
-2.1626
-0.1655
-0.7897
0.0228
0.3363
0.7208
1.4491
1.2375
0.0395
0.9059
-0.0686
-0.2908
-0.6724
-0.8135
-1.2257
-0.9625
-0.7780
0.8024
0.7335
1.1777
1.5002
0.1959
-0.1919
-0.2029
-0.2317
-1.3324
-1.3748
-0.5884
-0.3454
0.2520
0.8023
1.3491
0.1269
0.9923
0.8036
-0.6834
-0.2792
-0.2055
-1.7320
-0.9450
-1.0121
0.0487
-0.3720
0.0715
1.5758
1.2340
1.4992
0.8697
0.2590
-0.4615
-1.5277
-1.0032
-0.7849
-0.3054
-0.5490
0.4416
1.6468
0.7109
0.9970
0.7590
-0.2264
-0.0813
-0.5871
-2.1423
0.1268
-0.0806
0.2382
0.5524
0.4131
0.3022
0.7637
1.1022
1.4502
-0.4834
0.4700
-1.3579
-0.5943
-0.9528
-1.5885
1.0912
-0.2691
0.3914
0.7482
0.7761
0.8244
0.4610
0.8482
0.0673
-0.4501
-1.3205
-0.2719
-0.5276
-0.0868
0.8021
0.2735
-0.2026
0.6771
0.1297
0.5106
-0.5353
-0.0733
-1.2504
-0.6279
-0.4184
-0.0277
-0.2137
0.7293
0.8931
0.6908
0.6099
0.1174
-0.2875
-1.0222
-1.5156
-1.3208
-0.9908
0.0131
-0.3029
1.2504
0.1560
1.9469
1.0019
-0.4778
0.5033
-1.4552
-0.5804
0.1500
-1.0445
-0.4682
0.0486
0.0190
1.0606
0.7475
1.4298
0.3048
0.4554
-0.2116
-0.9258
-0.8312
-1.7368
-1.6996
-1.2706
-0.4768
0.8334
0.8234
1.6133
1.4315
0.4164
-0.4653
-0.2656
-0.8795
-0.3469
-1.3443
0.0330
-0.2236
0.3734
0.2410
0.4014
0.9095
0.8521
-0.2510
0.0552
-0.8638
-0.6308
-0.5094
-1.8547
-0.9613
-0.2766
-0.7750
-0.5403
0.1308
1.4066
1.5148
-0.0396
-0.4409
-0.5681
-0.5308
-0.5494
0.4545
-0.1757
-0.5088
1.7034
0.3808
0.6475
1.3290
0.6243
0.1004
-0.4172
-1.4736
-1.6333
-1.7731
-0.2723
-0.6543
-0.5794
0.9501
0.8344
0.3240
0.8961
0.5623
0.1018
-0.9106
-1.0899
-1.2129
-0.7544
-0.2164
0.8303
0.1796
0.5319
0.9098
1.4862
0.3921
0.5965
-0.7269
-1.1906
-0.0728
-0.5262
-0.4153
-0.2676
-0.0761
1.2513
1.5067
0.1071
0.2172
0.2199
0.6581
-0.3559
-0.2301
-1.2885
-0.6326
-0.8398
-0.9950
0.5821
0.8286
0.6109
0.6567
0.2538
0.4580
-0.8168
-0.4221
-1.1096
-1.0917
-1.1835
-0.7525
-0.1778
0.1527
0.5633
0.6751
0.0719
-0.4089
-1.5822
-0.2221
-1.3383
-0.8881
-1.0989
-0.1653
0.0662
1.1071
0.8874
1.2506
0.7644
0.2355
-0.5998
-0.9180
0.2101
-1.5931
-0.7306
-0.7536
-0.0512
-0.0191
0.4219
1.2030
0.8414
0.9876
1.2300
0.3582
-0.7336
-0.9523
-0.2846
-1.8207
-0.4776
0.5843
0.3105
0.8235
1.4492
2.1254
1.2167
0.0429
-0.1646
-0.9625
-0.9146
-2.2148
-1.3299
-0.1760
0.2656
-0.1629
1.1116
1.0994
1.4204
0.6769
-0.3565
-0.8239
-1.3926
-0.8635
-0.5282
-0.8992
-0.4156
-0.0333
-0.4234
0.3153
0.7770
0.9456
-0.0343
-0.7087
-1.1192
-0.4937
-0.8608
-0.7905
-0.1237
0.3890
0.1313
-0.0421
0.2650
1.3755
0.8653
-0.5164
-0.5206
-0.7622
-0.9094
-1.0000
-1.1487
0.2344
-0.0738
0.1518
-0.0572
0.3565
2.2001
0.1494
0.7063
-0.7706
-0.3491
-1.2965
-1.2495
-0.3924
-0.0262
0.7309
0.5272
1.2636
0.5984
1.0923
0.5769
-0.1012
-1.2119
-1.7747
-1.2837
-0.7146
-1.1480
0.3671
1.3797
0.6608
0.9266
0.3433
0.4771
-0.4100
0.0649
-0.4393
-0.8783
-1.0628
0.1923
-1.2507
0.4978
1.0720
0.9933
1.6285
0.3357
0.3394
0.4977
-1.0811
-0.2968
-1.8769
-0.9312
0.2740
0.3196
0.5152
0.9935
0.5464
0.1417
-0.4810
0.3997
-1.3525
-0.5878
-1.8914
-0.6941
-0.5359
-0.1537
0.0675
1.3179
1.3744
0.3640
0.5105
0.5790
-0.3088
-0.0433
-1.5295
-0.7366
-0.4909
-0.3261
0.1015
-0.2184
1.6613
0.9257
0.2852
0.1212
-0.5599
-0.7974
-0.4366
-1.1378
-0.8697
-0.3169
-0.6341
0.5722
0.5473
0.7819
1.1574
0.7246
0.1426
0.7970
-0.5011
-0.8581
-1.2019
-1.6205
0.0707
-0.5697
0.4568
0.8187
1.5613
0.8160
0.2577
-0.0547
-0.1981
-0.7914
-1.6909
-0.4633
-1.0049
0.8980
0.1205
0.4606
0.9466
1.1090
1.1223
1.8044
-0.9583
-0.9739
