0.924580895239601
0.223770404697041
0.373563807642645
0.0875003495765857
0.640116548246715
0.180616887753108
0.0450511074735742
0.723173479183095
0.347437645581790
0.660616824502904
0.383868601071971
0.627346502443467
0.0216498146303065
0.910569988523029
0.800558656278811
0.745847484342721
0.813112813610761
0.383306318625529
0.617279232316449
0.575494859702814
0.530051704765016
0.275069755821935
0.248628959661970
0.451638770451973
0.227712826026548
0.804449583613070
0.986104241895970
0.0299919502693899
0.535664190667238
0.0870772199008923
0.802091440555804
0.989144909700340
0.0669462583977502
0.939398361884535
0.0181775336366957
0.683838613746355
0.783736480083219
0.534137567882728
0.885359450931142
0.899004898906140
0.625937626080496
0.137868992412558
0.217801593712125
0.182141075890434
0.0418198639729543
0.106941658550207
0.616443485085685
0.939661010161067
0.354455730967329
0.410629090059514
0.984349416984452
0.945579189035263
0.676644678433539
0.988302262313286
0.766831387216594
0.336699264391476
0.662381860399481
0.244165286790279
0.295507250831597
0.680178371230502
0.527846830418798
0.411593513407535
0.602638218036397
0.750520055923736
0.583533174261959
0.551792514935968
0.583570618757714
0.511819919958475
0.0825927269986994
0.719570134859490
0.996156111296869
0.354534304956922
0.971258815183406
0.346448761300360
0.886543861760306
0.454694864991908
0.413427289020815
0.217732068357300
0.125654587362626
0.308914593566815
0.726104431664832
0.782872072979123
0.693787614986897
0.00980225226306208
0.843213338010510
0.922331997796276
0.770954220673925
0.0426598559350487
0.378186137050219
0.704339624483368
0.729513045504647
0.224277070664514
0.269054731773365
0.673031165004119
0.477492197726861
0.623716412667443
0.236444932640910
0.177123754498317
0.829643385697585
0.766921667935265
0.934478273118270
0.107888905084364
0.182227505601056
0.0990952824224585
0.489763801923447
0.193245330468871
0.895891573792568
0.0990896496818146
0.0441655717626611
0.557295155804762
0.772495067187624
0.311940057496269
0.178982479314335
0.338955678247718
0.210145637043552
0.510152519765250
0.906364323265215
0.628923938652318
0.101533888812312
0.390854752726355
0.0546166152236576
0.501282913203215
0.431721171884247
0.997560349512189
0.811602580995323
0.485651669898018
0.894447755567393
0.137546594767065
0.390004914445285
0.927356224998125
0.917493832416117
0.713574011594316
0.618337383621940
0.343287890241345
0.936027326689770
0.124774040660493
0.730585361505707
0.646477432425814
0.833151985669295
0.398282228218775
0.749822209360636
0.835220510478131
0.322460397362259
0.552261616858355
0.979129132433892
0.549308533018303
0.330423609606603
0.619471555177780
0.360636571002203
0.756509543501944
0.413900748690190
0.492345104384938
0.694743233132610
0.972733885079784
0.327754960493407
0.837803183078576
0.739072227273528
0.954174456379543
0.0319226295039784
0.356868986182542
0.662653834287215
0.281501559148491
0.230383067317464
0.711128551180325
0.624572916993309
0.590608652919636
0.660437966312602
0.0475546731138661
0.348784808510059
0.451340580355743
0.240904997120111
0.715045013296177
0.856182292006288
0.281507695118553
0.731050829723742
0.137762892519516
0.836722781749718
0.138601715742360
0.588209385389494
0.366156800454938
0.806759544661106
0.503780785776156
0.489594338723354
0.877048723385044
0.353141812938956
0.449443556571748
0.963530286843427
0.0422977979145428
0.972958334140635
0.189206843122376
0.667120300040075
0.586439614678918
0.675112416405115
0.361022049194661
0.620278427071086
0.811150885100285
0.0192574774141414
0.0838735082828999
0.974801667184890
0.651349532415353
0.231237816164352
0.403491143124590
0.122020518252130
0.268438821397283
0.257846170112605
0.331665238742629
0.152234012862946
0.348007659716113
0.121658454307726
0.884153057749660
0.0942783900641461
0.930040626107489
0.399019969034556
0.0474014620291507
0.342373503160740
0.735966158880164
0.794682157333805
0.544905898244672
0.686223462984041
0.893632695933602
0.0547917899197324
0.303661379717016
0.0461915563315478
0.195476763633798
0.720165802516526
0.721753273499297
0.877799071151527
0.582432964487410
0.0706843353866500
0.922744570189092
0.800372092351107
0.285946856420363
0.543663232841362
0.984776236970610
0.715678067126622
0.838969597330000
0.433260561007948
0.470624715606541
0.560713411044556
0.269091543530998
0.749018467641946
0.503887773460489
0.646809666272781
0.307745582030941
0.138724636078145
0.475572933797563
0.362459280818746
0.788113428398547
0.780295820844110
0.668512214253545
0.133503859661312
0.0215558872034970
0.559840705872510
0.300819018069489
0.939409713873458
0.980903636046859
0.286620388894259
0.800820286951535
0.896111351432604
0.597526576817830
0.884016735723820
0.943731541195791
0.549158087419903
0.728386824594357
0.576758297858010
0.0258574710831396
0.446530978284814
0.646301957350656
0.521202952672418
0.372312660779512
0.937134666341562
0.829532824526515
0.849085479954455
0.372534239899540
0.593184575218490
0.872552564647559
0.933501608507105
0.668464274361376
0.206776457935105
0.653850592062588
0.0720515512206499
0.406726915089364
0.666931533207499
0.933725659545930
0.810950032238265
0.484548271834990
0.756749210065512
0.417047453742767
0.971785992989294
0.987974701230832
0.864147529031203
0.388883775912429
0.454741828039112
0.246687197638079
0.784423093024177
0.882837605583053
0.913711681293018
0.558284923622275
0.598868102746205
0.148876720337549
0.899713484535739
0.450393580652116
0.205672339463963
0.899650990509081
0.762585539373227
0.882486307400298
0.284950218024821
0.673225986452258
0.664279904418051
0.122814993899526
0.407318423056813
0.275286951315690
0.716669740639142
0.283384381628936
0.896198856849495
0.826578892313560
0.390026512813998
0.497902942964187
0.694805192672494
0.834369001099938
0.609629689675732
0.574737160856408
0.326042170922791
0.456424600851747
0.713795583233135
0.884405045275995
0.720855670816932
0.0186127747263861
0.674776467128286
0.438508824236513
0.437820179166270
0.117036819505658
0.814681689518582
0.324855438630509
0.246228114234641
0.342713221123280
0.375692140009588
0.546553793082959
0.561920154265977
0.395822228624001
0.398130879531336
0.515367219211572
0.657530542095911
0.950915198264959
0.722348514327498
0.400079745362338
0.831871339329810
0.134338341728708
0.0604667719398284
0.0842470523146596
0.163898318329708
0.324219920294049
0.301726777204647
0.0116809911303396
0.539905093849625
0.0953726926278216
0.146514856442232
0.631141207014955
0.859320411428785
0.974221631238713
0.570838427472184
0.996850214574949
0.553541573495533
0.515458454840326
0.330682065990267
0.430001798393396
0.491806253603745
0.0710370839129527
0.887739215532716
0.0646335910508684
0.436184955731448
0.826629506618892
0.394534684233034
0.613474881705262
0.818640735082209
0.886235039062607
0.931111627487221
0.190784648009122
0.258582251418772
0.897865684840299
0.593361860386109
0.503840081846848
0.612809588835559
0.819422242231876
0.531889169492926
0.202075096548432
0.453893465680522
0.427910919820171
0.966052749611999
0.620055054133474
0.695389951918004
0.720164612017979
0.346895190287614
0.516990420525310
0.556694632012102
0.156495219114045
0.562056045561775
0.694803289108456
0.426455535710237
0.836270420676314
0.731387066161933
0.360031042085772
0.454212371853399
0.386389898592172
0.775554642250536
0.734271105685939
0.430277845074156
0.693752574133913
0.945213487168460
0.784232598231741
0.705571858131069
0.109334239524346
0.389930657156485
0.590904730405336
0.459380047966325
0.0503399867389541
0.228687584020221
0.834189061056900
0.0156446926965270
0.863710865055866
0.0780690530324343
0.669042590081555
0.500211324281102
0.217993798750154
0.571615725404089
0.122189150923420
0.671166232988653
0.599585548122814
0.0559761573877905
0.0563430185433568
0.152500637002470
0.0196210667655841
0.435175545696952
0.832221475282818
0.617390171454084
0.520129415310742
0.863868222933611
0.0976979181614431
0.908052203186769
0.108016694136759
0.516996758096945
0.143156022083576
0.559370572403004
0.00457962394732347
0.766681998621487
0.848709226458282
0.916821270253738
0.986968274783658
0.505133101798823
0.271421624417515
0.100750511921236
0.507848830829537
0.585609125701878
0.762887095910741
0.0829626491105439
0.661596193082714
0.516979014706213
0.171048017525447
0.938557864331842
0.590483177142572
0.440634680760840
0.941918930311283
0.655913820257141
0.451945709260386
0.839697420719669
0.532623502474346
0.553887065791275
0.680065530083361
0.367189905317367
0.239290606193545
0.578923492459094
0.866887054672508
0.406776760215226
0.112615141025047
0.443845836726957
0.300184401213900
0.401386853814493
0.833363563453134
0.403628662773607
0.390175938130607
0.360448893378945
0.140255359269444
0.260130194112440
0.0868151008658337
0.429397337085805
0.257282784769860
0.297555384151118
0.424858411704626
0.119207259421287
0.495066923800459
0.706407227537561
0.243573372680951
0.785070081934006
0.0740895768609269
0.393883426981697
0.00339412296430741
0.220676891933024
0.00130056870059614
0.189179670994735
0.142484054820971
0.268075999123376
0.174892065335783
0.138648971592595
0.598885610367865
0.901057905682726
0.939379765884238
0.221184455939078
0.482671375396414
0.376011115924755
0.523780036965870
0.264872593548590
0.0683572204708292
0.436327077480103
0.173853037365001
0.0261071081549049
0.954678274080450
0.430596519859417
0.961558573103663
0.762414484002993
0.00734866110284693
0.680038640460139
0.705950754248883
0.645128786607383
0.552309844507730
0.218108729783280
0.772366213613043
0.228028323600450
0.370864718973405
0.890928821025695
0.856376907728261
0.402433549813444
0.318019117496735
0.608635430634990
0.910195226694482
0.909098187800882
0.591594408907438
0.332571407335551
0.853063629209919
0.442397893041165
0.904355478217944
0.0331794059521274
0.532426482500133
0.716497346504382
0.179301843821789
0.336532925801063
0.187712948575267
0.321927183182924
0.403856711230207
0.548566299856964
0.0487385927822667
0.552732133178943
0.274811404837501
0.241501741734112
0.243145179406551
0.154159449170074
0.956416361008024
0.935661375516600
0.818714437208244
0.728261847822834
0.175811728275530
0.360370977042454
0.188789972641605
0.00119839684004341
0.316419513732543
0.699616986397056
0.625255180179041
0.543062175343852
0.439037203387669
0.287427267482543
0.501659106746690
0.761546185669647
0.762408048788714
0.576055901496557
0.747662837641716
0.645534505981322
0.123219518324506
0.504397860092767
0.347261312721634
0.0921476848051044
0.147849468032519
0.198169701066402
0.672270237457429
0.431511182901891
0.694403909684554
0.256784563270148
0.00975864988515951
0.532283071060889
0.279391965252965
0.946230153519927
0.906443266510002
0.392684575974112
0.0248552338448721
0.671436796572460
0.837170635377055
0.971499638311263
0.0569328854352480
0.450323812733453
0.582470301736287
0.686637814496303
0.719432752595998
0.650040751925391
0.726914550912652
0.373847665839982
0.581582083212866
0.116118512779400
0.0576543612148722
0.979765223975987
0.284823726860618
0.594974298809596
0.962161031011260
0.185778263408578
0.193039815977027
0.341644104645142
0.932897895818081
0.390667536617596
0.273216707999963
0.151947079846844
0.397108842743452
0.374722466951243
0.131114707043005
0.435040717895627
0.0915131672126108
0.614626958012946
0.0109790922908117
0.573260383263372
0.789729858025762
0.235366773150869
0.448019713464051
0.569358183284932
0.0614014422908470
0.496288885639885
0.642315234585299
0.221265730127105
0.837056445531881
0.971075231442514
0.846372887693173
0.505999455890548
0.278875611145231
0.746617221828201
0.236930384112870
0.957345281619123
0.620260036077771
0.600262145507628
0.172604501647669
0.0903467381432246
0.255262202643589
0.858570531259210
0.911067053397794
0.699633767225763
0.725182355023388
0.229886078857496
0.576053456321354
0.810628105007939
0.403843368384066
0.988439267199745
0.0899988149868883
0.320941032647761
0.511408938819178
0.0606063665682423
0.725687923545844
0.556555748561992
0.529359902481257
0.829982432033195
0.858759034071804
0.789028923313949
0.317833053726229
0.452207453762982
0.752227970049942
0.109861705750686
0.109742368593904
0.269883663704401
0.524637345396311
0.972651076977497
0.710408685278170
0.311859945147533
0.291457127647727
0.850357337374621
0.911647424007853
0.639276147276064
0.255370297944443
0.0886658400322831
0.838255587537226
0.584718619263320
0.948108735396022
0.0610289291925092
0.584641303355111
0.285108085658642
0.827732173448263
0.190986440697398
0.442529962202884
0.393411506367576
0.826573979042765
0.676871093438419
0.207603034379981
0.318104726150263
0.133810985356126
0.671462889478031
0.570991075462406
0.169767066026489
0.147655777151737
0.476079718267456
0.908102416506950
0.552175026715835
0.0329398927498766
0.0538629264355561
0.805063228558902
0.451374854703448
0.382646229559959
0.789643703689691
0.364286869499794
0.532349934998910
0.711656705981267
0.871476517995847
0.328689611672229
0.650118025397777
0.974836148002758
0.0759673612941356
0.587019167082772
0.413886497773360
0.309136426466267
0.263834041526795
0.758766265080204
0.995215981129752
0.186571444141369
0.781145268534765
0.195797981026732
0.992358973179927
0.802261569764289
0.424226709903306
0.728863868051374
0.498353582523552
0.808990267199045
0.356508933481046
0.0732434344898074
0.590991455274849
0.910187830728141
0.193765936166610
0.432367791534398
0.749159729068009
0.0391844866475830
0.946324989805483
0.763673323663761
0.558820550509560
0.183842944465775
0.497948815018947
0.517845600234051
0.994243010644050
0.854851683090675
0.962403939711971
0.678941008977033
0.403501388804361
0.934979086178052
0.479484545632482
0.231791611663117
0.396290248509775
0.705077475112789
0.558559034560550
0.756630700894368
0.995481058555258
0.962431404366634
0.535067105256157
0.963870129971715
0.115625879181259
0.0514482932302053
0.304348945636573
0.580191833142712
0.530964452338282
0.901208092653144
0.540550425170244
0.431980610856683
0.542666987436342
0.712414805789522
0.0166747129402325
0.800920882057848
0.142509324923791
0.478474472902863
0.256835354179634
0.369091688824861
0.661764913365414
0.169608813454314
0.278784020439019
0.198221794513839
0.195071533284261
0.326839648349976
0.880337860379200
0.471101865015748
0.403969372170941
0.179231476423447
0.968924996147292
0.407455737802620
0.844487396483448
0.615325097130850
0.376611078032737
0.877181749337097
0.784852427283024
0.464954283314534
0.813976926820934
0.898444137180120
0.429238543114827
0.334329419622220
0.596647104445246
0.901990808706562
0.702066449359676
0.377455102070865
0.734955925430014
0.954102786471214
0.542813113103551
0.540105832359366
0.311109639604002
0.0712345719245837
0.181980467169022
0.0929889268706780
0.463489247762243
0.00933251202776941
0.915025911735790
0.642741739133104
0.00141905820240296
0.0303852724949177
0.208470223305320
0.454966145002097
0.127266033325133
0.00864768787809034
0.727079601148527
0.354116466056586
0.780445946096025
0.436656641635291
0.436554782372268
0.0492131803564864
0.0496319015193902
0.0911001754130539
0.594037031444121
0.241084055169022
0.841369101972144
0.857212764090606
0.963612200951355
0.488899786160604
0.220310100568633
0.226208640841286
0.536787804512826
0.762109709211147
0.347567150448759
0.461231759391499
0.639323762199356
0.917336040866845
0.161572573890331
0.715635404167474
0.577738876192409
0.433298977209119
0.884242782631094
0.393051755376913
0.178975152627732
0.633333580320122
0.624000554312344
0.327941596973249
0.802965315958237
0.999477858635892
0.980978160932146
0.127036942194857
0.232240145961793
0.0236324666582251
0.607432610401855
0.110809321287150
0.407459507878399
0.884076806661962
0.548132777476588
0.369003076711617
0.208345982813347
0.440943276524324
0.956196152175878
0.124025916648043
0.470763245866957
0.856896327782193
0.0433904715669532
0.691625145201306
0.978985466675039
0.283267898492137
0.133780499994423
0.685279684412687
0.909454555749395
0.610868982383243
0.899982796432861
0.193433751939092
0.754424581488250
0.346260716664775
0.418625414302713
0.155719830354892
0.819000583926841
0.624923527846277
0.738560421610648
0.805112420706954
0.0672226575631786
0.950790316505566
0.497577011022161
0.755145904700522
0.742405070676942
0.831129575710113
0.156501846750202
0.457308720551409
0.618100496094381
0.932183355047051
0.835088235559351
0.895423516342350
0.582518524668030
0.582746806361791
0.854925938969955
0.0348657000479308
0.885420095484803
0.407730811355982
0.0363820304478321
0.746147942737720
0.154828770751106
0.143908328674868
0.605959053323747
0.254480844051369
0.324154205005822
0.401790917846999
0.406373321401127
0.386191138560912
0.609801823837955
0.166890722666246
0.188092073195248
0.0946288698621655
0.323186272761264
0.769596929272335
0.234118002458999
0.740365469624262
0.692818413831729
0.824078213366380
0.827977549139487
0.293367934008392
0.309369242422749
0.523029798441993
0.325298992494426
0.831842510486068
0.810294790743841
0.556998261278609
0.262964033730157
0.680566202304450
0.233653145442385
0.456425364613112
0.384566894511524
0.538601438698022
0.991703720961955
0.755220401677830
0.980454849430374
0.234782640662848
0.528559088552665
0.0514360535669078
0.756875470984622
0.601979766275510
0.857168709122209
0.988277139258114
0.929484472425618
0.409514933438815
0.000341462218138910
0.540878322763043
0.207730621996059
0.219283588182430
0.325806262734222
0.0959494166075845
0.747533661738303
0.748508957393292
0.543299433085109
0.338132316524053
0.832333661620528
0.552572178025958
0.957543116962021
0.892833319318002
0.356503617127004
0.546401892991887
0.346681751254949
0.622802790659130
0.796624685308396
0.745874901540650
0.125536231354820
0.822394006759020
0.0251505014285022
0.414428880924032
0.731407467972937
0.781374000275963
0.367285915131369
0.744867856241673
0.892267188231107
0.242603386279670
0.129596975837540
0.225067882127913
0.350013919000766
0.287084613146176
0.927488007179428
0.0513137568167955
0.592666755206387
0.162898900217732
0.838405769673030
0.167560930211271
0.502200615409473
0.999329479025719
0.355407151267881
0.0470777095488339
0.213660585120799
0.397839124102705
0.333668180380295
0.229602531968198
0.936120177502068
0.683188784699983
0.962113795722863
0.437973177632798
0.940336654420907
0.00583432457237088
0.610307030069875
0.801075756966120
0.232981533413648
0.932468675920979
0.763262775333742
0.826449539702682
0.573463588604866
0.792581664120226
0.329041195839248
0.223461976125853
0.312386342019254
0.584523478528556
0.829914141021523
0.290462491547268
0.402554392063123
0.862057298433146
0.614739550216400
0.991187788329793
0.203698875185622
0.827209084946655
0.675861618952774
0.248949470039808
0.475785626569533
0.399075226726792
0.599438249091412
0.800522765803851
0.105068771291171
0.821442194126392
0.841086330045423
0.354506244400439
0.430069462615833
0.572239218412685
0.700824730771237
0.742469756987280
0.757884150620785
0.389128763569227
0.429302484999838
0.956344657500659
0.572971367270484
0.849722054218674
0.276345316298223
0.622323615152450
0.588361684613539
0.963468465806992
0.0859026949672510
0.500498891603951
0.521589676498055
0.0901660021689635
0.904666479690125
0.884388938509860
0.438989666805590
0.781722612917166
0.148465022943408
0.619815927260871
0.260623679394421
0.445656211439575
0.843999511474936
0.196204918731252
0.303851622777652
0.483294567734286
0.337812043871024
0.798485829521549
0.987487575189353
0.159047554722395
0.236879783226055
0.702236632667890
0.375471662697547
0.973704902674984
0.972305555688457
0.643698049421405
0.860098876854161
0.401883398008086
0.631930797977457
0.985236639414830
0.559477405987276
0.933591915842209
0.720343206000748
0.484038516812342
0.639031092681230
0.887636865889604
0.198736750098921
0.395366273955210
0.992175302495305
0.402351616935948
0.658856481072931
0.901348123034512
0.995381776517886
0.653163281094690
0.108436427855515
0.0361140307953560
0.618091239046974
0.567144361897996
0.961964657805326
0.746105469418888
0.662516098435082
0.523313318412010
0.259894281484397
0.961993766916173
0.540204037513520
0.0302701634197687
0.696314463411127
0.519716157920878
0.0590305556644841
0.890036233228213
0.330202242514021
0.229701197871120
0.113948641995189
0.310922713453606
0.228432322135737
0.651997167217003
0.0661601245983268
0.275431379860917
0.281820237560867
0.880066259726056
0.444330358699235
0.755914120907961
0.603296375815349
0.783265937404036
0.113930638678426
0.978563885159978
0.848596675479549
0.0506464976705434
0.466201833790636
0.325653274948034
0.630205124999750
0.230299163777674
0.579884973281289
0.603156320439897
0.599879095832857
0.448427880383915
0.0354234606827885
0.513814835038277
0.407730161772637
0.108046036615559
0.459875628942314
0.450882753675830
0.551140335804419
0.805404317007998
0.700850072786061
0.872235503921598
0.0521921524289010
0.219681311405346
0.459642010111367
0.958533596129010
0.790045356979438
0.451874609042501
0.333428186460866
0.0590953126800806
0.740905302893588
0.506794524055503
0.199925413139355
0.427193551101288
0.168690278712271
0.751694590854687
0.368350841628801
0.941817795239884
0.0171725409107173
0.829055908778801
0.626590974955276
0.538746515157219
0.650507635380061
0.726629532306514
0.0944885639205785
0.877573934307660
0.0143621439459858
0.294302626846237
0.179914878504240
0.926294268197950
0.0681804368270346
0.581093227578492
0.637151222525225
0.651269264764942
0.864622012533553
0.0559525294070209
0.816855173773850
0.528922466328429
0.694350560622442
0.212404896281834
0.543279946249851
0.702520272153464
0.956434557260469
0.444542162873471
0.0853978308126450
0.0573401475412575
0.629450486099479
0.796179066498458
0.691191332858144
0.345307862215166
0.946816667161595
0.520190318211477
0.953813025197927
0.0735956358081999
0.207031948073074
0.775027813981967
0.914187821243774
0.782550647710300
0.295534196164876
0.151845722314485
0.847910522313782
0.784854591093150
0.270831502151317
0.227810704816134
0.321023217088951
0.829561804399168
0.822182194600976
0.570682850481878
0.571829636228848
0.286018272499380
0.699133559301209
0.796257943281577
0.441589056151223
0.446215611691222
0.465662408365111
0.279039187274615
0.675375318416595
0.903664526363540
0.908525898848375
0.747196944130713
0.260511507083546
0.689637840074109
0.131830665475512
0.123500832319801
0.190902853244491
0.145732099496291
0.585043615268716
0.0733616900804668
0.822326222185306
0.722902973268465
0.925858038017486
0.492638598461781
0.654882898449669
0.890123477961687
0.538525574469021
0.282205164558222
0.975957517879964
0.0364255155254801
0.326244573060312
0.973013623892820
0.365032625305747
0.309149618895917
0.120912384580628
0.915765704040790
0.135478205681502
0.332117891828341
0.897479892399884
0.499648777847273
0.615288242215057
0.583132968088648
0.698253926627414
0.0293323427543620
0.527882687738647
0.0320728464199854
0.827142322836315
0.339986206482169
0.846710958880530
0.246069567106098
0.581491252368133
0.937676879074775
0.0477872923850662
0.0539776591702386
0.0206180341199909
0.681478514196212
0.598628526633235
0.114030034515656
0.796245350725845
0.617850587139279
0.0702135239869584
0.0692789725680013
0.136007388620090
0.788891319657009
0.0923984579238296
0.237868792007306
0.243647912616785
0.104822212658895
0.858352760228758
0.698199766179566
0.733742133263281
0.650530624454913
0.516270565774129
0.326388135088882
0.661776196778501
0.117565484621756
0.147817414181606
0.0197646637288170
0.964291730299559
0.970372902013312
0.123860507146820
0.467410026774460
0.656694003304474
0.290185566632867
0.754536639716295
0.558118051358972
0.427792595548456
0.267194057274200
0.753736074133061
0.898376325005631
0.728444033957786
0.406830134654488
0.938315840253697
0.255427454937803
0.533163240608823
0.954754870376370
0.267747536440096
0.250084620589589
0.927672720239348
0.0685823485554556
0.299400386560865
0.591583534156367
0.203299145356336
0.635883198886887
0.798370257830259
0.501701052364218
0.650812135949142
0.795954985556127
0.233373768071567
0.600838938434792
0.112462378383286
0.515765653195914
0.837840690870234
0.920790107998705
0.498227929455356
0.277611122264388
0.652519960748294
0.917298803800668
0.509839453514736
0.974191483802598
0.197278942097314
0.111184983788934
0.297354293368622
0.396418535561727
0.420755683348492
0.311475357650453
0.693843170932226
0.0918718332714995
0.402088619037046
0.295180804029962
0.306496779026379
0.105561130735275
0.593827604564268
0.282727516244758
0.155221620939500
0.000658667586112327
0.283595417078381
0.550810874979600
0.870902191503684
0.0422534253324928
0.904721981466327
0.130974086365166
0.833728948123066
0.800468374899062
0.917880091998639
0.137303658445877
0.504732317557449
0.404958480117297
0.173572161534717
0.575183612467853
0.606217932572783
0.214445740415978
0.519932255056438
0.989185809639387
0.489915162413395
0.694873211187083
0.411421827387765
0.0347767400997466
0.292831555968535
0.801441737777535
0.346501990563077
0.0833159448238722
0.511106370942860
0.366833407852287
0.739479504887487
0.524740163941995
0.804520877458731
0.816911179049531
0.189471481685439
0.123693456864363
0.820996478991022
0.637897620011436
0.0161198018822152
0.895954627639733
0.515375057119979
0.544521938346247
0.606442208248527
0.760436217840179
0.855346871876900
0.382868448331762
0.0846491886172254
0.733873298781272
0.331989332624431
0.839749534874645
0.371723308016557
0.828215270033629
0.176518628961560
0.129519861034667
0.879883582417879
0.0440791284676966
0.686720018480803
0.733772904933592
0.437172437244659
0.379838916907628
0.979657439846574
0.398993422611629
0.440186914269368
0.156807887544396
0.326034284066419
0.314061928673465
0.894500663904255
0.247024179264040
0.310679015912649
0.408868908042171
0.708010894064053
0.143637595059492
0.871322066573022
0.0831558967534599
0.461737838368131
0.0303890236611514
0.753200532708854
0.700042669529620
0.214512246163991
0.679904685523419
0.557292680689929
0.850678902590103
0.558565491802886
0.901773664047563
0.419517704013185
0.358128352789036
0.488987517379486
0.255962141002191
0.929169268992397
0.466756814210436
0.254007850556945
0.431218447278074
0.702530011252343
0.402329867986601
0.181840078665688
0.856251116146682
0.584201224536599
0.373578782679898
0.221694546768398
0.218994117711834
0.522232443025500
0.433422713487762
0.741303988298553
0.0704496323284114
0.847333436397182
0.679880234557907
0.136651521898580
0.858402188578687
0.199834124667075
0.607339921764212
0.543044983654388
0.162324692032503
0.00565306812684552
0.771485147165409
0.764787556255340
0.421069352361882
0.0568131809736324
0.585746995234228
0.174155244434031
0.728610660566310
0.534291049941029
0.253064287751413
0.917056748285585
0.758194529715416
0.887030732228013
0.0687981711037167
0.183528195527840
0.737072654586589
0.696714852649722
0.776992905706029
0.501903419153744
0.425496828002627
0.611237130774301
0.855771891361736
0.670797108980223
0.523592044711161
0.298815410107022
0.703969078651195
0.381610875988882
0.567684997801487
0.887860955311228
0.842949288995289
0.898798555832190
0.939003091446555
0.815435155938748
0.00135782878603108
0.00309069755746516
0.0874688163187515
0.260727351204320
0.0227986706409334
0.424084818805879
0.341064968909229
0.541353933307704
0.926169082583073
0.298499447059240
0.338084793851282
0.859480107206790
0.340478310765433
0.138120403050086
0.507798955352603
0.856656476891690
0.384313617882614
0.695690926828769
0.627904177790549
0.450388154351926
0.473617942098884
0.949706353503533
0.0834975617893309
0.279828920000213
0.447007309334704
0.587571263995314
0.877634138414522
0.469100520229019
0.437418475701721
0.746184939974845
0.467910465807746
0.860827351057875
0.466512012381487
0.498104487122709
0.487430654415445
0.229468774748017
0.0855522324090572
0.0673833136089066
0.888390934804578
0.233167685669660
0.861595759984367
0.711735093007919
0.872812993042854
0.938002006919630
0.139689278547500
0.393900144851003
0.980562829715054
0.644794025985376
0.896409779453934
0.482230405436799
0.0140930751890233
0.622880344434796
0.231095363111135
0.527433962776634
0.724991961357239
0.607415791144935
0.588366445795251
0.433434840033058
0.244172893507025
0.428960353778007
0.0101774555217771
0.608821449044360
0.957975188197358
0.0954465235496006
0.0355905633801477
0.886235111325751
0.246941365057497
0.00891505625333700
0.814920271448039
0.140499436548767
0.879866440284003
0.0953767860905247
0.352560101248640
0.593420567787491
0.585181638478593
0.667681764184503
0.648027115055705
0.433369067338592
0.139758759099258
0.751929507975084
0.241786793587219
0.650459322478062
0.857374060834467
0.0843704710451489
0.972089161712842
0.0314599355591159
0.835404550444859
0.835713348170861
0.0498575013455930
0.545886208890830
0.943169839655479
0.321473069869989
0.806466803793334
0.601398755252809
0.789620465123038
0.799185035044316
0.0495647655782110
0.283198633840946
0.653456823979965
0.489655345328471
0.972852237010803
0.748489909977082
0.567841149738807
0.298964163457197
0.256109781061838
0.886563794411547
0.446800862782801
0.815987253296207
0.0983373017446377
0.859593453475272
0.0276290081611751
0.899156434256364
0.899935500526176
0.524106009617363
0.120199512647135
0.177794091822279
0.706107594508614
0.831359756387049
0.0348338205677290
0.757838710385933
0.957112178001164
0.342870514996848
0.638243709424706
0.343005811970325
0.216471396182541
0.786200627030545
0.723089959545472
0.278838904787457
0.582431428704480
0.421005781368280
0.0920687067543677
0.0240273250067485
0.491145804011365
0.278267020151879
0.339757164151065
0.287349609515076
0.170903235249478
0.399263314281429
0.697649568457898
0.203676437129015
0.666326488489510
0.443066089408273
0.433295265575696
0.175239442394595
0.193202311760390
0.616421331646761
0.269010607873387
0.559677931615908
0.944783991754306
0.714471635748948
0.679219655394007
0.959380581307086
0.775334311958987
0.607726966322105
0.948002359333351
0.0596416235853658
0.268712345242794
0.986680043980283
0.772206732094027
0.475354299957795
0.680899555553953
0.416934754931422
0.380149202893181
0.213270389075209
0.382937989134143
0.0296677515101038
0.472321065084073
0.333372686843787
0.975844804109989
0.555443538619757
0.846303637783572
0.408063494401911
0.462018163773892
0.826306720846432
0.991203199868745
0.523947649263609
0.925436889631448
0.739021861521925
0.567430056171921
0.968777662942908
0.824499419818922
0.959609278997884
0.646346065444023
0.379573485440289
0.476574680880329
0.911889812500719
0.0148538557678735
0.156693847233962
0.471567876529848
0.542991694845257
0.0596910323858083
0.658030305628083
0.889635303379043
0.109632606115212
0.437773114218114
0.280230089607324
0.985246312451203
0.608758707334404
0.253749206918446
0.132614726848363
0.545004891218423
0.827803931470922
0.837006271022824
0.833348647034423
0.203715434293916
0.544417699248773
0.874942721542349
0.121000086169667
0.856350768537266
0.899776018962328
0.217865123936470
0.0769790849348919
0.474215160481872
0.835027465734663
0.469393502041835
0.413769939249495
0.502746263849999
0.125439959999655
0.132285325427939
0.870475365141086
0.602950181301887
0.265301726053799
0.864802580056935
0.0581094582239756
0.457753885102086
0.722209644099518
0.338999151596080
0.401219856926313
0.526979752194827
0.894235714464514
0.778360658313311
0.0693676026690024
0.278784528621045
0.379369834686065
0.864672546383037
0.419960369410699
0.239877473491883
0.597654516413679
0.479404403601992
0.898547501835202
0.934709237913810
0.817886833811118
0.708908978901821
0.743220570404508
0.899709782516549
0.0652398048396921
0.335911171345859
0.00433507260879829
0.828095603149386
0.507435377303176
0.366162436149062
0.226639717644370
0.534831709596897
0.289484866389565
0.0683708974452039
0.0849707455669264
0.0683394681340021
0.409816499150502
0.123381382309381
0.443016592662236
0.898939736964300
0.353639001785661
0.120178119552528
0.569111025443708
0.875032726365492
0.348574977103892
0.0419210049087696
0.142339719388392
0.0765928348764171
0.740526589300887
0.456525127319000
0.668249315315529
0.699246075603128
0.571357212390758
0.628693341954442
0.877763925090051
0.662351739628039
0.875413611874802
0.467517018838228
0.141336028336665
0.0681344572325885
0.714242406919872
0.307986028182987
0.671163971711563
0.652420835422264
0.531048838345102
0.715107031762305
0.504810623023082
0.487999358505228
0.497838309030001
0.935975553324428
0.389281682796525
0.117145165727576
0.240423553971239
0.684908494629146
0.839253615059596
0.970144632898035
0.215169612804033
0.760343346418237
0.584102849858033
0.402951577571241
0.510040337757567
0.495644219085048
0.651368342531714
0.743706144622944
0.301953469127232
0.0896119352021239
0.825965482484244
0.389587008921693
0.775304853268840
0.179369095283977
0.109361209717788
0.905158338091637
0.876351003922501
0.999792564444752
0.864254686057084
0.0368775222838726
0.544682442007247
0.997616182183573
0.511008154246046
0.873512175935722
0.0702214723365389
0.987538736827997
0.922713429546706
0.564260919599778
0.431462053674345
0.337844565256492
0.720723427847251
0.0136555666633351
0.374060192775824
0.922685220392168
0.546479648029272
0.473886869752125
0.496537318440195
0.308971081219392
0.950837558840908
0.981993280873020
0.513563103542578
0.992589818472072
0.455843702065251
0.426040880892099
0.213214778797911
0.193249480429275
0.832754245970334
0.726637099604961
0.529745693905775
0.829080737499330
0.511874431338254
0.551961846254546
0.213284894015896
0.587820626322730
0.142763225348141
0.0522235278251505
0.683307915305935
0.608559478411928
0.219655934781161
0.406279942301345
0.629907944762480
0.555307624725453
0.127579062038263
0.169198331655614
0.000999418116753414
0.418162471197123
0.488485678876445
0.159868843152470
0.666838577223759
0.0179203690512555
0.119675356519242
0.952125308877993
0.975853970932192
0.0309145386684058
0.493881843753437
0.862722128138830
0.242876166293110
0.834270163718799
0.813591192402868
0.628973104075631
0.00223819856083329
0.379723939726934
0.904405696492435
0.680351665064685
0.378823130726170
0.631954710702334
0.243269522470590
0.571413071603897
0.981728773776423
0.849682018905517
0.283444185689061
0.682457664450218
0.358124530982000
0.986926769961850
0.0839862957561888
0.250305886361701
0.811346615315006
0.0844231038780854
0.531253963741857
0.800622979147950
0.738823241921064
0.141662980302459
0.437894257905023
0.350380372413469
0.478497497197690
0.587403400124094
0.145805695219521
0.905330607244364
0.640194248332222
0.162939571440670
0.565910591001657
0.931616136977195
0.783101883684631
0.685687136978989
0.466219284982742
0.260318095666530
0.569268171077019
0.248770662888077
0.319301591520897
0.910802232216941
0.885220040994411
0.794589424165852
0.925809807166877
0.178839950775878
0.517541148236465
0.627005316409310
0.913182345900904
0.663968253838808
0.389192822992613
0.740007581416152
0.817634859708731
0.600344793176493
0.0849970645027028
0.922358001090054
0.0535978153165582
0.527024952677366
0.118853276619748
0.380142990241005
0.812832533015109
0.244095915571690
0.884422659093575
0.712646794759150
0.378148438082143
0.248919610995933
0.252853745239273
0.767243594526935
0.0498618850472403
0.685288567608909
0.620278122151001
0.746684629968725
0.977255648345669
0.383913512660615
0.260205602313722
0.877469536014124
0.806095983510647
0.461121079779699
0.0909616879242212
0.564268825273198
0.187382889148607
0.531689585894733
0.355033321773383
0.314783504755494
0.726741468842694
0.515772858133538
0.790644897912478
0.204492581358956
0.678106077559796
0.0524855426380236
0.801172362362499
0.678568638819314
0.946008945084062
0.0915581428748301
0.908438370578178
0.509953037053204
0.614903565140055
0.316071200885960
0.0774874815154217
0.850614066003707
0.144526906948512
0.370485792654012
0.622391433081251
0.997551902431370
0.517344133245693
0.990511215150315
0.226534462555839
0.398005186420214
0.696568689511640
0.0646407594535227
0.747661582378364
0.420400431232813
0.811317420238023
0.379605285770611
0.319067820216784
0.986051066726614
0.718180905209727
0.413183358569897
0.0986302372429138
0.734559125166410
0.637306290353483
0.0738418767360661
0.120508166401978
0.981596208916383
0.496799421779149
0.0224136544401531
0.0538315489695107
0.140873797601841
0.893474311740186
0.465820073116048
0.560856738133542
0.494456347383399
0.0677854884858151
0.897646542373691
0.288565308881261
0.269046814753517
0.594194175430363
0.475879024056308
0.368311038073403
0.655611090496500
0.938200405804263
0.620425185783994
0.282840091614325
0.205181251932987
0.439134081593786
0.0272502196608165
0.876184335960346
0.610092246274455
0.203592380287419
0.519916824790401
0.0538243021501204
0.862187431116879
0.442934666053869
0.548009157335659
0.566860831789241
0.680394991214306
0.371378578093092
0.0782287091856850
0.456350723650029
0.0478438001602993
0.738256992026790
0.0380015353959609
0.954244324359415
0.742372334463615
0.937449567040730
0.513363986157654
0.240904799077728
0.259965278716868
0.758974161342075
0.993342763841508
0.356705749924566
0.752857841103010
0.110048497112667
0.597045229614403
0.430595200320603
0.730718017321590
0.261176170571255
0.0948076815835639
0.450963489291171
0.640074510267742
0.132038817368816
0.452822429824052
0.652199598948144
0.826998331558065
0.308076908420212
0.402363579005054
0.884231316046448
0.700579510055142
0.241872295147587
0.759831815719588
0.290925737193430
0.277438718955492
0.00610780302659897
0.374711141145558
0.436932780731988
0.304298468841678
0.290860330609039
0.242516308885001
0.936683610022335
0.860190240827037
0.397228260437835
0.479419104358615
0.564996093094860
0.489619389546546
0.269811632673816
0.989740142062216
0.183675696266124
0.861656724924023
0.0326325721064562
0.331958019586653
0.748746995782957
0.644366458181644
0.169237962651665
0.952205100722434
0.543270235392249
0.251413476155819
0.578572309853611
0.915476599033373
0.895596526144395
0.482506617380039
0.442739977763735
0.311754952248308
0.0553137719816675
0.753791773408712
0.131947479760919
0.355922119083384
0.395870964014701
0.885521227489635
0.0212395486219491
0.844080719207746
0.288070643822235
0.250342882536472
0.488379635024966
0.729036115345013
0.202616096163795
0.216276205436510
0.976334514779420
0.593235792436551
0.304403578093467
0.967702883195329
0.895969830651651
0.190025476792280
0.00179932387915660
0.711763763315269
0.867726788909873
0.118307909837995
0.0390229767276427
0.598194525429778
0.604313505631328
0.516432410448888
0.00750740409328399
0.688933363588118
0.946020375394758
0.873536456464217
0.113276452523982
0.354569341192520
0.241936830626701
0.560333309840618
0.612727107549885
0.300809090660725
0.798141714195157
0.795641626726704
0.781092265910387
0.351098432414600
0.0542973538999770
0.708704616979225
0.992928441303996
0.162476485189887
0.113566338672047
0.912875425886544
0.481656980372555
0.851805952008354
0.809913803104205
0.186759544269840
0.247199856745663
0.0541888413672694
0.608961456453878
0.777232429234510
0.511064089112722
0.0277500884482718
0.990385281566876
0.500939923753605
0.331997486961156
0.173883139944506
0.625636394848839
0.575134832806327
0.750985384525445
0.153518799776586
0.356787196602359
0.143950800246145
0.850607655245249
0.337869740308340
0.275196492845342
0.00601097311711618
0.801911968617498
0.497408284738571
0.537842841324121
0.870912524621325
0.722843568666448
0.668085931674845
0.178827792303708
0.550495354874599
0.959875078687972
0.596021671986299
0.808570708752388
0.984532354863445
0.885924447669938
0.213837003113112
0.0346300613124667
0.451123791403174
0.0137945567780947
0.473710749132909
0.951197090728795
0.248952278705433
0.386422800554417
0.431433376426054
0.830886484749040
0.824646819632836
0.452998612301112
0.380560169947678
0.925868542840634
0.740843627451167
0.737633073422826
0.946915999012028
0.510099705432381
0.791879184896751
0.452173502329059
0.849198707548984
0.390430829462498
0.738376511506287
0.976438557351852
0.523299058215110
0.429915301709775
0.207158082586558
0.323401379477045
0.110870218360110
0.375210054242112
0.329903979134036
0.342105172194619
0.817118851307115
0.531685314237565
0.521122048508881
0.774309708986650
0.120262770779979
0.625450151917525
0.346648685550547
0.334619385839875
0.574616563380975
0.863937641058783
0.198563072170653
0.672450963697648
0.901831370980072
0.199157181618953
0.298284149829983
0.496520270263375
0.889904231684680
0.501414589868598
0.276995239103975
0.533958178666850
0.574249553785642
0.412804401721059
0.0147636628050427
0.702764803428255
0.506747151486991
0.381266098426960
0.0649315348738551
0.358579960661015
0.234251242532243
0.203504052888970
0.813779583164220
0.393434593593473
0.0535751708614938
0.375051578272469
0.774994177417674
0.165297620870777
0.912218897036660
0.319205781809233
0.329779668283949
0.204235670095109
0.767214736379813
0.0699731489528251
0.950033948013614
0.158209784906886
0.286445866401004
0.687129114736950
0.141149823637791
0.512086650483433
0.721326927294165
0.928845135619855
0.732103850016260
0.749848020738123
0.407319603105505
0.239491695587883
0.520850475083039
0.219077360108904
0.842387903898747
0.662932909051294
0.816235285166455
0.793877600102571
0.469105203551762
0.309524979334574
0.687579247513742
0.986852223389968
0.769933875855542
0.829580846725193
0.706084765450312
0.595336418647749
0.752874120082542
0.496722203825239
0.865132654012061
0.0680276941294123
0.968545940212993
0.0987563119710001
0.546977086455275
0.402969908979534
0.107040155400183
0.724166170480622
0.613682347960576
0.782968192518063
0.566620582441644
0.811319158706923
0.576775860240990
0.944029193841664
0.871452148941678
0.507602207944769
0.788823165012461
0.473030640899700
0.828801698488441
0.322481588061953
0.976146535227356
0.278211040263144
0.0728308048124289
0.751223605872008
0.831188620534169
0.922338093331131
0.327024293370015
0.804069262570712
0.538250333300567
0.463294879079307
0.820750250854670
0.951906506191454
0.0762728894397720
0.708671064187825
0.234926443836988
0.398895557719012
0.268124426906609
0.832513316595536
0.995373810346204
0.649750982754640
0.703952831044269
0.932303197968758
0.687652548069517
0.568353918669942
0.380847529289527
0.634579484810422
0.363228621093965
0.407619444945905
0.368699723575791
0.468398760390358
0.503413843283962
0.910535782398710
0.206431022073808
0.338603675277383
0.574125621988358
0.486932439429646
0.262218985690441
0.579593462953119
0.878327698975432
0.0609502223844922
0.440876468930202
0.0842580013374562
0.563237615425729
0.539310580291570
0.768057900271301
0.233090272198938
0.587361742486469
0.458973866822360
0.860981521803687
0.660836094448244
0.353879166108453
0.347186297893882
0.253718102314479
0.952528145373397
0.298200989823935
0.158406077778295
0.361297056727092
0.741629092882824
0.705900010029432
0.700892172871074
0.00622578741150148
0.374345601275841
0.901495619292659
0.318344828077252
0.597082923214809
0.297795182472319
0.125014381285728
0.388355668657057
0.817687743973866
0.981175704243327
0.861989835287155
0.0838208820960060
0.337711990337124
0.236129166372143
0.317805387932171
0.984448405474350
0.548250891256417
0.749251259354427
0.841851734724089
0.166889706987028
0.903097609289584
0.105124127822219
0.745093096440724
0.729371937837905
0.717469602110285
0.133431767732035
0.445788999516268
0.508787231214571
0.530490290818691
0.859717043585490
0.677724910719689
0.805838258794752
0.531242869458582
0.955895838613192
0.0666769445993232
0.541518027449951
0.281660343494637
0.480900336365515
0.684863781348805
0.208258388796748
0.608160988594066
0.326176172376762
0.880847202361808
0.133394613360925
0.102407789887338
0.959116903133932
0.152901999674792
0.152538081095451
0.155552588056628
0.0895694029268610
0.454424561403129
0.668895692810288
0.831301681950567
0.790235136913714
0.712710917791988
0.472597505041781
0.708588152395749
0.958059481020265
0.505775562297944
0.305053115317479
0.789811183801969
0.236386963587832
0.234302833273045
0.464699398608742
0.619386801215951
0.615329400167534
0.122623901556050
0.123793528327212
0.284458991295818
0.735732806826117
0.411308102983038
0.828981892712714
0.935114116049739
0.399066658162043
0.0522113801305755
0.571186102238472
0.747669975681756
0.320243558104215
0.492934318642196
0.221652754475949
0.939273742656297
0.482305289358003
0.539996086873947
0.221057099703633
0.0959450018211512
0.0601654164594785
0.819508874942269
0.771478304726038
0.195695731019737
0.895118154553159
0.684300146224145
0.656846481247616
0.990381201487954
0.0336917931210119
0.424253270424153
0.489983672806254
0.583504470467278
0.0832697475812942
0.660154629977784
0.0523052207703927
0.556830534131996
0.712025249134944
0.487910625260071
0.617600645905979
0.213777574762031
0.645658662061356
0.380642291284627
0.103712840186889
0.377511518762747
0.262860807508653
0.241285612653001
0.622924050374514
0.522927762157550
0.413237746494176
0.217792035525866
0.858553617120829
0.861008253299634
0.283939011564831
0.615392848945124
0.779489501843974
0.954847311419425
0.919603246226261
0.384815703553521
0.162643016406274
0.796751419775717
0.113817179634133
0.158824298675419
0.355828116252427
0.847758564395726
0.582781196988989
0.586177665240051
0.925837988949836
0.575078267707539
0.00997739496020689
0.809377285817869
0.608808359591158
0.479913680376225
0.268440158291067
0.258096383995900
0.481009535929008
0.227341483977128
0.0486022982418921
0.169241814542259
0.258446307750630
0.197910057556161
0.605693064183021
0.823703645379920
0.810614962671604
0.802237016029934
0.708113376406747
0.859377854303028
0.781084518001382
0.203796851047344
0.993343249930919
0.0936245282198501
0.650618543907727
0.215176526117364
0.243873102142320
0.339687805074701
0.197862340505416
0.506833376635887
0.950757982745890
0.394607218303451
0.584464840318106
0.606537245952291
0.714642867087912
0.401536353789315
0.858691021937975
0.920484982161385
0.750838889493125
0.285591705194893
0.796815787888053
0.142765830129545
0.504550190608271
0.610687951481901
0.703796735351530
0.383339931019849
0.728683436587994
0.887284680027887
0.0558483212688232
0.138216342567174
0.863064978725380
0.421746482549435
0.411314174537886
0.959141340568648
0.750245292973041
0.980997114259686
0.233515805625746
0.0962267612082910
0.384582199218900
0.500272550942528
0.570255868872406
0.976631596742213
0.492855181015119
0.400882866391995
0.994990261820298
0.260998008345242
0.665324710740160
0.964256616169518
0.671151036378406
0.299174856434414
0.531126526815322
0.00146317517242300
0.883788809402268
0.404383857307768
0.301205586513473
0.950581591408450
0.460648193206215
0.287647511041730
0.0846266385763814
0.582181335168515
0.153068697443093
0.0730943061694905
0.580564776830846
0.287014752397109
0.361920084401165
0.724824693820157
0.858311678125839
0.347915686667056
0.961745605325867
0.953569051566716
0.206037376830358
0.768244859070775
0.615531879840537
0.918922487452317
0.602537261209495
0.702138228304602
0.743674955204088
0.385102276784062
0.251503789174940
0.0367597374258490
0.472122874247366
0.645072328435394
0.278969940402046
0.517860909872254
0.245666638599838
0.297508174424547
0.650474093241864
0.891393305520928
0.861106466709371
0.209915076762285
0.399093911604274
0.887883023404443
0.256528011903830
0.966801604367428
0.619157352979331
0.165345766530944
0.826199028826719
0.655693101208612
0.546452584058729
0.251329283428934
0.0401563845552436
0.233375412573706
0.361112936249855
0.633455035012366
0.986098096222033
0.207156646144958
0.757083941555770
0.886328109630447
0.472229859496957
0.158913526072725
0.810920785648706
0.476507752716948
0.116287532246184
0.875720612784640
0.635186379463005
0.0972813490916307
0.908439456239631
0.0350160215102984
0.0397496941127982
0.988567891226263
0.686181598460337
0.376689192738032
0.504324252798860
0.763495679287094
0.0488747967795120
0.725927656593860
0.701328058598017
0.458890825812503
0.582294808955250
0.339089801284837
0.170625413666577
0.399193403900560
0.919777194544381
0.226045437313252
0.361006696151087
0.324562012755833
0.0835821136679928
0.512665533605464
0.832864824781385
0.904613498537146
0.723595912269745
0.382995824300504
0.298017055986365
0.691711635714817
0.880456926829212
0.924548307619519
0.0812527753704966
0.482673014572774
0.128265055730776
0.252911159241006
0.883961534752615
0.196276913213410
0.121353654736966
0.543694993460822
0.314620748221422
0.382040915068017
0.791539262851844
0.839179479540260
0.680236385926769
0.416922007301322
0.642889807506086
0.214081451540123
0.617270805784742
0.675191145845720
0.601023484608767
0.346309504003818
0.364401368261552
0.171481076831545
0.795361567918927
0.492666912300111
0.354622854548100
0.775061199974026
0.236804807064439
0.844833449014199
0.816526970819136
0.846228364063407
0.370186850863759
0.383229531559576
0.861334748060102
0.463909192882959
0.570548219905534
0.695306808701783
0.960917273175491
0.546312979252437
0.636576573431728
0.570892489230996
0.927112147047291
0.863765569817539
0.169839250866394
0.178699029167114
0.243504367623195
0.751779355061302
0.199134375117022
0.982940511503982
0.709638702479070
0.175436145519359
0.858297392360323
0.909411483043429
0.961663080193266
0.570599704085960
0.562879230350446
0.176661204694203
0.513679060375601
0.548471915929806
0.165277442620174
0.493893038532447
0.535117267476248
0.198807159832174
0.623168912334087
0.0263153936543578
0.318790961250692
0.532999534410550
0.326773737487972
0.602190440610650
0.361932727456263
0.134920636585675
0.913813503547356
0.640558837291562
0.658774142295879
0.675330331309865
0.744557714206159
0.842177573186960
0.516657167709074
0.151868701454032
0.380664274287961
0.821019401441083
0.171364379342800
0.329975281417833
0.966471986909258
0.806292596514217
0.222187929982210
0.999773122694756
0.0637386974643527
0.425483118086481
0.404338152089687
0.400292883883605
0.111922643905894
0.424310773237634
0.613545882666124
0.988061285755543
0.219900778839496
0.354081077910303
0.266241879188127
0.291498033965174
0.188389541510827
0.0228596236256173
0.449404181948484
0.243640193394703
0.868726544739881
0.528610767442621
0.914135168141916
0.973930177058907
0.585425958662330
0.118975382673679
0.926532588931345
0.593560772481158
0.883615304924768
0.424475931087654
0.607257385884040
0.0707635824773016
0.924772431183198
0.642079416141701
0.104499667897575
0.700225073689456
0.395804328828332
0.0849047507770724
0.214478867551072
0.248798897538397
0.226653137461408
0.703004391018124
0.754152585217828
0.547286633863654
0.553483419934252
0.630572791703042
0.985456950514749
0.634278202982618
0.600455612530821
0.909186957080075
0.570836633882231
0.335419921247063
0.957139158310899
0.439923122280153
0.601542593515676
0.720262361570523
0.678778341671463
0.212759010103203
0.0816233750456651
0.274479407885599
0.867518386466464
0.559357067397456
0.464627771027320
0.430300900780404
0.773985920020414
0.653920421280792
0.657729271666528
0.161020904584738
0.432376826943672
0.505086084355522
0.375332280929957
0.480372228085867
0.342421402767108
0.777146440140074
0.383943862389807
0.711556426991232
0.480933407391951
0.729180222121572
0.937559238963407
0.517254402550923
0.903068748626668
0.218192642130913
0.873219340172905
0.0826929319308535
0.465403416570693
0.0219298228079787
0.808280550035548
0.179209500791232
0.165392246853951
0.181603467162106
0.691436563311207
0.213763519227956
0.298104859773207
0.768335147059746
0.501150094646019
0.909464806507279
0.0578529030879383
0.436751928242895
0.572254745571166
0.565067159777179
0.823816567226359
0.126098827482582
0.300116777533760
0.00212202483321056
0.951107357890273
0.766299363331997
0.751304162188150
0.138864837140935
0.349319542642626
0.151340560497478
0.496720678257924
0.808652252912191
0.632868793441147
0.688401497692848
0.639570217855257
0.729321726243568
0.859845708085369
0.626955379414574
0.180591372909388
0.573306546332579
0.163566156384053
0.906051735575510
0.0773427851333207
0.338534650141676
0.580617547397133
0.475235157492277
0.805320486225532
0.530778140974806
0.227310331642288
0.709484975196481
0.148632553204850
0.658116181223384
0.633982547890093
0.229306251465772
0.182228015272702
0.166352507736450
0.149607091618741
0.202747397742598
0.954958901813773
0.0159083388094849
0.957514350171183
0.0256922853702279
0.971110663095709
0.297595676758473
0.525073079219425
0.862339211479325
0.896404903464912
0.189010555411161
0.660719557448035
0.941230937873485
0.975707125670632
0.107935253017744
0.178899228022263
0.746551427132036
0.0494685225319500
0.0712848819635339
0.489125519571328
0.849893821239637
0.997041443878000
0.00439261258217538
0.542607464059079
0.861348176416565
0.909139024470062
0.845350562277612
0.878872884638524
0.746182237657744
0.117489380198907
0.509022256836494
0.168831763959386
0.831111503195807
0.928010856738739
0.169484428844022
0.883737320045210
0.387862894629115
0.382569460225602
0.271452923967019
0.867883142835154
0.741502457210890
0.447872730127646
0.709638857830719
0.944331282902017
0.174117873471634
0.244596283964325
0.640929124395263
0.808612509899044
0.853371006453131
0.398117646920762
0.115493808747709
0.0802809517729943
0.360467620079557
0.828905549640201
0.214609706276641
0.791040323906674
0.654688314176377
0.0261464480617988
0.785776285897775
0.922563045272989
0.492313130975707
0.834011655118891
0.131353685343350
0.759783471182520
0.925736180672750
0.832707574402226
0.259401160852536
0.213021767362090
0.522314781683827
0.397357100825043
0.479109782553590
0.993903639578547
0.604478457779412
0.944908646327276
0.490442215138490
0.437946559772269
0.772655572388859
0.744066567298336
0.442904067510999
0.0530000525100436
0.0878218441574162
0.797985957677618
0.655582372961194
0.0323355534464184
0.557066829681192
0.719801554892191
0.110408048956958
0.216647376280279
0.811020215616459
0.138661882869267
0.881899200733092
0.923556061690306
0.0127555628361417
0.377159253042995
0.167811688977599
0.540222795744860
0.101662434927830
0.0392677458897454
0.933229111773545
0.971591882864217
0.360928020047589
0.644205403766746
0.0679473020936823
0.207911996415632
0.0396038467757357
0.469359313223853
0.150096722662633
0.991306921184190
0.427062347759695
0.955372102971021
0.724247033520084
0.580891712363774
0.540257907420780
0.705441191564081
0.00502888330112106
0.782515778836242
0.926859573385509
0.00829565739263971
0.824628342666394
0.767335868027880
0.997136895348686
0.227653072058219
0.919542206194465
0.641999305521780
0.105320182975915
0.268160913711683
0.763843764539584
0.805510155575541
0.104252997601917
0.469758776292843
0.219061890891174
0.922707906542724
0.320322632016148
0.857543808780781
0.259846667655122
0.878062942706618
0.188267616829231
0.759193837349818
0.0316893001122069
0.642339157082965
0.566870912760646
0.376409545450067
0.212548379439868
0.792156839532589
0.145443480124611
0.489142450390656
0.0128457468737627
0.186612024812195
0.485230456949770
0.838226076700295
0.141056968599460
0.732216987411750
0.691066915983427
0.0344926197846326
0.488857263608460
0.971390410156509
0.112451379350698
0.743213774200817
0.638541371339421
0.594182912969943
0.498622512736250
0.567852659287788
0.426504251336355
0.0762394423538300
0.290586653457929
0.561335047322795
0.633333468321720
0.930775859048123
0.977769157702234
0.0935965460059537
0.661734944417943
0.602772899485439
0.473817863220927
0.356256342496277
0.475578441633221
0.671022018283348
0.959645196993795
0.0890842655064104
0.797742459847051
0.590775746140887
0.912196754252077
0.101129318887619
0.293294642967131
0.0515882053839337
0.504128180597837
0.768375751898678
0.282985376214109
0.225360245794357
0.331289642625589
0.453251351408243
0.737384638181300
0.509885654703147
0.382514191853397
0.905483216847227
0.965257748969727
0.628267352552455
0.132031170054907
0.618301778328654
0.383020104064703
0.991193747568799
0.286827284759212
0.706191429589364
0.535205897505445
0.193211038592101
0.689435100924171
0.0504550031686729
0.184434115699354
0.0456583234773829
0.885041502041251
0.839794385798114
0.118155245153682
0.410414853697837
0.120228589990650
0.572092522260723
0.949390134629152
0.256385159796880
0.989865435151316
0.349808041044371
0.208522373893430
0.665827160044803
0.973344706720870
0.622699821538518
0.0635378925573686
0.373509533241305
0.166251535436548
0.231278078105778
0.0522086332938522
0.901756316713514
0.793291699901326
0.373014324844645
0.832054705376542
0.753834556589773
0.621863097261786
0.394093180849151
0.359277961450212
0.0888524608922825
0.341677003639647
0.548670594067366
0.460547461088786
0.645452373435590
0.513520841267514
0.814426468563278
0.0971832059869966
0.463713560645511
0.589817489604743
0.187172070539839
0.611330146637952
0.0519419813683460
0.575726948453721
0.842344701828773
0.499725973621345
0.439024887659214
0.149057083245688
0.0282794508957929
0.756669787984348
0.796106235942840
0.293555594417440
0.115206746018031
0.375091630987986
0.828893745056770
0.841776581954761
0.665238451557799
0.960139975886254
0.943117892210703
0.112699492380728
0.648287449225586
0.480804051679440
0.0665206919491224
0.897771225532002
0.497230128936991
0.771303428858631
0.0603622294239692
0.262457464904029
0.651069368702479
0.133603910449774
0.638545736824786
0.384943094967874
0.765698125674700
0.652915682156136
0.381489065282516
0.300018582740438
0.340139555506767
0.918926536712417
0.456266813303239
0.442496952598123
0.454185819615522
0.945282009186640
0.219118952550175
0.882402795931734
0.0198754228247094
0.341764883237310
0.766027445694415
0.342803701519393
0.618806404154405
0.453021162091896
0.0101626026279142
0.599081167470487
0.601568348358472
0.649417450961366
0.342720632582221
0.493299255574885
0.701773945253530
0.887802601429490
0.0550578461561846
0.0983619505457304
0.649782785472762
0.764070891236327
0.987958941597841
0.125324791415593
0.364477175202600
0.676230090282253
0.375758171217492
0.863458491467109
0.291976750986030
0.133474990584297
0.672650514427429
0.202584980871927
0.868515198201092
0.751157321899609
0.419379649992969
0.000231065199416736
0.149463732367703
0.273834301544268
0.872425018962880
0.601251143911812
0.321188452831265
0.284293074456312
0.435315805784207
0.903759051181981
0.925105644987009
0.505292452205831
0.627581809270030
0.719263926822411
0.0239128813596552
0.574932501996900
0.0465344640640383
0.422531388268483
0.467734261291993
0.0226279867559067
0.0650740424646463
0.923956335725144
0.534142863944270
0.366796468997375
0.363946179540744
0.151373665826451
0.149608598632666
0.350802091637144
0.335966095668561
0.784027846268716
0.486739211626018
0.464798012873766
0.131252551596790
0.886391470888295
0.674557425628767
0.835159638023036
0.656487934875432
0.983916976496475
0.979789871891285
0.250153013597979
0.624570703542190
0.728242423153538
0.498170315267308
0.849828294959274
0.190918203621887
0.124143787222168
0.00279042132911189
0.152952789981843
0.534160824643418
0.510633605136478
0.385215879879770
0.310596453716413
0.00355544745321035
0.815242445313671
0.638418458166358
0.448339380701920
0.244085770261907
0.803385085996905
0.823970887228072
0.852190649398636
0.467251755433503
0.970698973176120
0.841244015022289
0.0785482063545127
0.237598887672087
0.817570881268703
0.405828714806259
0.466312220637624
0.951536218081585
0.965005305843558
0.765284866775821
0.574533590173997
0.915925025450222
0.495432408790360
0.166012377080293
0.325997669971674
0.296436106009726
0.558298491530906
0.0674768030510901
0.0689778462108583
0.166784582313363
0.947438262628722
0.811088417621082
0.710455692980488
0.970245561677518
0.998426789341871
0.987454806749042
0.150086578018891
0.958478804453122
0.530459049234420
0.0740865173899161
0.311820903915726
0.895170779995607
0.834768311582722
0.00234875567974879
0.640209846164910
0.803182575087435
0.245130755184197
0.0641222317658926
0.263148319353776
0.102720361262892
0.483719024833911
0.418884462651220
0.381289008027337
0.886765115012407
0.420557514837392
0.283847869017151
0.0481811440107028
0.219165982554382
0.239176014086980
0.0292584870372300
0.702310918358637
0.00763555477239597
0.610920680279354
0.408089537451172
0.248946674813356
0.652459724145901
0.320277088369962
0.103672124495835
0.535564894512648
0.164870242477034
0.883438702353724
0.666457012048093
0.847742491914359
0.762661063721127
0.807013774619851
0.632952443655251
0.710427307863708
0.688663539117781
0.320947861137131
0.531648494500774
0.873193957609839
0.0545396739097971
0.500400775515181
0.432763214528361
0.904282491633212
0.630183351426678
0.983036222076956
0.585200339522547
0.840636517595249
0.468813780579663
0.545222329693841
0.179104120941580
0.634461696770441
0.962958775368380
0.534013751451731
0.479614252288398
0.793666083025936
0.0927137188642948
0.880799542861342
0.00387353551348724
0.511529092199426
0.678463634320796
0.565747646843948
0.478458646745197
0.320512844148039
0.601579798458235
0.913152742372502
0.682517816717110
0.946733471115376
0.0990890086376651
0.511028924158354
0.110128340182810
0.545261877330557
0.688785898972834
0.147416988338171
0.777561037608020
0.399051233106780
0.898299948178677
0.307043873925570
0.0610511462357189
0.219471144449904
0.0828329370324061
0.950395335131906
0.0163706608566853
0.114668433182841
0.0124099459694967
0.216227329276232
0.0114275288140810
0.642449265580090
0.516990939531608
0.245542144387298
0.193747340053374
0.0908705781480208
0.368441665384023
0.00779291063747434
0.602701319215813
0.478854744051061
0.308117688829788
0.744444447627629
0.839349277568775
0.262431920229879
0.514238061322073
0.446774127592600
0.341211145567738
0.839141805139886
0.982492501505978
0.626464501073332
0.181275170605329
0.123017016857453
0.579968709639968
0.328535803427897
0.268186372667860
0.550239103808507
0.180516896172902
0.678491869414882
0.0556884902568199
0.0340571844812154
0.286518454768013
0.0773900470329255
0.900572290255528
0.846605947069211
0.395698472582128
0.169215265314684
0.430452313332460
0.416218136882810
0.728763483255897
0.406473678914791
0.951807457052550
0.911985020914832
0.951414316510760
0.346001202788865
0.290244208783556
0.886700762839575
0.210030796707028
0.130876547760118
0.520515887325233
0.905462749730804
0.402530235597016
0.215761252172513
0.0787394832466347
0.933059861765135
0.602871560972297
0.377492173215029
0.664931441200008
0.792190264444163
0.333492129876999
0.692658864333800
0.203815677165533
0.958713595889891
0.711832456405164
0.166906592124375
0.442777173122209
0.632993568362347
0.929967171592209
0.529330969397888
0.626474423948033
0.680818922727965
0.923197523158096
0.152834142252458
0.405720793714528
0.312475998842778
0.693898958369993
0.890687873398548
0.490670966286600
0.805823509416861
0.326438909311377
0.549879145125724
0.388784334890571
0.896829007264381
0.676120081005331
0.828396948330795
0.110088847733172
0.279227334556401
0.767636165697467
0.216056596066409
0.0340621281717747
0.436551897742306
0.936863710408633
0.262088962808782
0.569745499842289
0.359553044905957
0.0268386289622559
0.500419192257721
0.827014907580009
0.258982420521299
0.0458850066372709
0.246471604097961
0.660732144629048
0.329409691116965
0.659496247567225
0.0130041242672279
0.718067856677326
0.391118812134764
0.0335052596625038
0.406015402500669
0.716307636801179
0.921336414781854
0.984015743254487
0.983420872823396
0.896306092986061
0.865703209612899
0.800960972217418
0.554978851487549
0.418872147516562
0.127122506592021
0.654620743083901
0.863964912060124
0.274598434868982
0.840163937389387
0.0707552442693478
0.378792075061979
0.268169433831970
0.152921178784748
0.630999579922610
0.316374816239219
0.959111852529902
0.498673989242012
0.738608516725420
0.0127556688922719
0.605353188516465
0.576451321456248
0.807378820903335
0.654968061518584
0.878228395135494
0.902372925442161
0.152232856672578
0.192580086806526
0.790975648641478
0.0607051042239655
0.389827192453456
0.299965854261437
0.734179906575914
0.104209253757311
0.792575487554153
0.782728942751883
0.532397693218747
0.253352341821251
0.0709545850116540
0.625803331171040
0.0246814701289989
0.0620424925095289
0.129611982278315
0.450614072287436
0.672335843922579
0.856110833478116
0.498445424254591
0.0487845040361280
0.313832359872792
0.641631167720519
0.786386643614576
0.289150493176199
0.497868010687049
0.818434615976952
0.595128292529225
0.536424608918200
0.330873140619941
0.411690226251413
0.794006240687227
0.343208220509353
0.462606735967318
0.367823667799665
0.679570619604256
0.567779031870686
0.651776846130543
0.491113748307781
0.398458234911806
0.477484208997986
0.0665876229516056
0.411028487183606
0.969091958454476
0.780721030890361
0.729017888682995
0.765650616008667
0.756580803862821
0.843270317045169
0.770156849951834
0.978660928731569
0.111359442553858
0.396076941209457
0.492060650839531
0.258094618284835
0.0369662213086762
0.974381323033703
0.726425979022030
0.147964830385760
0.147894557371599
0.704824099106688
0.380993522402518
0.0764114441659032
0.410840343032633
0.142990554089145
0.798920120530614
0.930248163138044
0.00471947787680982
0.650040581422714
0.678532461052490
0.253622841789289
0.843180912870887
0.293958774213842
0.0268603841526058
0.0933071628967971
0.797884972292497
0.711402626220883
0.783406783842256
0.623922644020696
0.825415460073693
0.0350225850889124
0.405474972293269
0.249668755283506
0.480896841642134
0.880839127459738
0.280684817595266
0.599142509308593
0.0262261386476100
0.155198666268626
0.833910870716356
0.194893367249896
0.829788035104075
0.338074859029462
0.671116549530980
0.0523663190627388
0.734309066385156
0.499481777820457
0.943299937460375
0.289772416367565
0.376560426992884
0.113755361650924
0.964850707268855
0.432511567212420
0.0845632009931329
0.716676412592981
0.506787379534883
0.328087741248748
0.753524141094147
0.836005824603354
0.253716352276902
0.534425016790320
0.435165232964158
0.157704145695579
0.600481203671839
0.937450760032403
0.107758578775102
0.899981434728875
0.550464991190469
0.427356686821267
0.152380830362768
0.247546002513464
0.447368793703639
0.532783437696949
0.354651134298573
0.773114812272379
0.881681142450407
0.734092093476126
0.406432206360085
0.604178745602068
0.641105051660087
0.127466836015375
0.496191996945931
0.310469355507002
0.578574463884770
0.943608937038841
0.426939609276360
0.0331284411700892
0.929433878785966
0.924982251332918
0.358306919554313
0.259989116322472
0.786859645603551
0.511582243380335
0.562527153389906
0.684793764143528
0.0923965953476921
0.872578967039445
0.942937880219704
0.0965942366019155
0.845882505221427
0.909395614856024
0.0113411405597612
0.523682703745454
0.650345273658944
0.385145350705933
0.649302049457390
0.762853479752345
0.575685981383182
0.631919148712233
0.278204003887099
0.839836422799811
0.426834956239074
0.631622378349663
0.833466981520768
0.270185463614560
0.400800736172277
0.554254592413654
0.443865356832620
0.0903841220286110
0.744381309987074
0.0326154493029029
0.429742543433021
0.0372622794740213
0.975797753036110
0.522339908013089
0.909629978597815
0.383247921340015
0.884452236904782
0.255017609331153
0.909049841942802
0.894560444751255
0.398517160990578
0.625020001836008
0.567597286185841
0.894511885444997
0.214165803867894
0.00385915886072064
0.880581461031710
0.235121635040512
0.244864622347078
0.640917035139739
0.304524481208468
0.825620811888813
0.883688710947261
0.945372957985459
0.390795338404620
0.801320064711665
0.157113287977468
0.625165396779904
0.698985352759655
0.0858689331204349
0.531179572788440
0.888566522140567
0.263666008189626
0.234785525304330
0.839657227724237
0.495540029725937
0.152366366412905
0.230768155809496
0.657953957084698
0.562948381240076
0.291828737648848
0.622304984715124
0.715905408292378
0.280731034080199
0.412273158549075
0.362205713414129
0.781392022002529
0.135487151301981
0.902069514549670
0.289636085878140
0.499557926109802
0.783590388178023
0.677062062697606
0.149811730018900
0.696619479617911
0.129013043122745
0.945946287415715
0.886411849242866
0.515004612937420
0.679408745931636
0.976793357833632
0.125460356640030
0.752243051246404
0.827051909456158
0.781430326910244
0.190882666758224
0.428641340603978
0.0144567471162916
0.325285488719696
0.134702028626370
0.450517462084021
0.572274930178577
0.792023281983178
0.419736609978054
0.532536544340956
0.925704392028016
0.899081837742182
0.544833398468742
0.901123950170368
0.0518267089040074
0.808602518680107
0.334904579377686
0.228683117248675
0.822401807645737
0.348234578993427
0.165470595368233
0.0281335680082572
0.955369765277556
0.680290711705600
0.860562114724664
0.939093515352434
0.680193964448052
0.917423748447434
0.256691670901158
0.885618134429019
0.920042790118182
0.300063440036683
0.0733909466937927
0.767398734960137
0.0849522158650140
0.728764079592672
0.447889643587710
0.651248663216932
0.169501870614945
0.531449241359580
0.633800858193960
0.0140960041826924
0.470371335231003
0.886325971168106
0.114028435678071
0.442541151650179
0.659547888161553
0.294772970267685
0.950368401514900
0.694286247565556
0.206806527020916
0.554762325956739
0.879278484511919
0.557857690719796
0.752334060151412
0.894900792229508
0.841844173064890
0.130856682645948
0.189153933851989
0.153639830892556
0.0289020656650996
0.00908489849181371
0.596451741972037
0.609049324383808
0.918923432010552
0.733574443373122
0.301146952100848
0.495574479030430
0.258163023498381
0.732854363876553
0.116760751041515
0.746041563257602
0.809789107094191
0.745233681211662
0.337143314113377
0.584324980436338
0.468952104955939
0.0872650344600690
0.828717426160072
0.685944708438845
0.267325055095755
0.969483564592453
0.183774202665835
0.299940922944898
0.411184890688863
0.236489187115421
0.195055322681085
0.705379279645915
0.180548253665843
0.522332917921855
0.296171823286006
0.462781888284344
0.925232416679281
0.215889142296026
0.00100887850701248
0.906606243116842
0.680041945628298
0.514951805346954
0.522068881119071
0.102918579221459
0.996880488188375
0.358968819374506
0.625242598780211
0.393366521225295
0.00766244550040407
0.545284934032101
0.509110374446584
0.246778920321399
0.0453952746616395
0.841729744761010
0.0482499176056320
0.316320497497147
0.783419430439279
0.972400059712246
0.586464080739028
0.778043849281618
0.727697443692381
0.650986797126378
0.664615020149917
0.938779800520264
0.535081265717781
0.398440118410103
0.670457661455949
0.440534471776437
0.132873944778060
0.439203747941782
0.547642742273276
0.395136375845411
0.398271994525130
0.751348651125886
0.522350346054575
0.490433033651247
0.0886789345424768
0.250851633092814
0.447559022780024
0.637960896081718
0.709445291503946
0.992619809281419
0.932194870092600
0.0922294963888484
0.953539972829461
0.162795658817501
0.970455087271826
0.597006665267872
0.240227119123713
0.0702951614777546
0.300041215108974
0.813544823896987
0.0767098742008153
0.354473095439048
0.132010874408976
0.158179630334593
0.0621470516173679
0.701843478892324
0.0864816970794666
0.616787239562239
0.173771583224603
0.651401064738548
0.498696405983115
0.284510688567093
0.830559738735304
0.818359882483340
0.938169403753504
0.000326096340118931
0.640389224633762
0.00735569277648585
0.106421106692614
0.106794413254953
0.367109043854200
0.239607700586711
0.346140201697452
0.249619835400228
0.387064314143913
0.421038370433554
0.640077289145426
0.787552972956609
0.269994423620667
0.843982360725910
0.740468380221871
0.826101948913986
0.182192247374924
0.0654361827556491
0.610350262112943
0.701552809275043
0.111617712753208
0.0958237324700979
0.597833772320779
0.812232610355035
0.814578174036320
0.0894369651433987
0.731278705325746
0.903856576224040
0.452231787215498
0.0706876763586191
0.241278155067504
0.731865059823696
0.0404916156591709
0.424522762856597
0.540215087042906
0.953827837894086
0.208905741989429
0.116332096224402
0.646220067892793
0.108411089785024
0.983496924216579
0.248344038446042
0.606355720132135
0.816695272780671
0.830054212606881
0.489039332451187
0.760728256118080
0.915107935348786
0.900974956264358
0.214237510073561
0.547061105978206
0.784709480995610
0.194441094252232
0.746889151997501
0.475558224441359
0.583258581227704
0.260548081851841
0.0848224596308363
0.298132851184017
0.917129358876880
0.470518192745995
0.269467553234544
0.762970476944780
0.772172105182967
0.0212996241096677
0.879986192497539
0.798170184137338
0.324165238549624
0.669044416639185
0.296293863351080
0.929952043676770
0.281960434914488
0.168879971344252
0.745166604030062
0.477134351507709
0.653444541099485
0.966575933053896
0.313027488227721
0.0764394578120781
0.791415146963651
0.365383979290258
0.585099389225413
0.183336706183362
0.0769189422460057
0.153662766530705
0.826875990170966
0.300956742633309
0.383884490005655
0.650748947230908
0.817370524039485
0.766266219369973
0.374175557582085
0.189862477802470
0.646501755218381
0.00360530450734453
0.282887905349612
0.638600594751137
0.592074579603645
0.325289204685754
0.988951251221728
0.123235846277873
0.735876986366350
0.156617020109506
0.434647411424697
0.832243218102738
0.359909561454824
0.0762380475474331
0.556925545740794
0.273930224222276
0.132054679309690
0.699654848968811
0.485904907517832
0.182716250813704
0.101214538189656
0.201584327245249
0.134746010737990
0.323789153997764
0.950545048096336
0.532130560615834
0.247685709934690
0.437276253172887
0.669087783169736
0.547695710952879
0.609054494316718
0.863134760252027
0.380695949821835
0.748955615477151
0.156696797557896
0.0581238178949717
0.339706962070075
0.817176415224338
0.377547669768167
0.972604932176721
0.605318590650978
0.338236165549055
0.927983722291575
0.898424694301282
0.850706460713442
0.256791917068097
0.285495500891502
0.779946910428948
0.701395228244418
0.492511776265171
0.967667748479233
0.476161494330651
0.994905517152425
0.490578621847789
0.503453396492993
0.768772875919031
0.388084482070887
0.453259259537158
0.132853968150371
0.758506328245576
0.565236934085850
0.648636599114185
0.798058063124077
0.220448242881705
0.857890771063757
0.904728919137344
0.292019885042980
0.725869758147902
0.339445804371305
0.272681226854142
0.170274589896562
0.664018225811431
0.535851657583605
0.829109418219232
0.267362080646570
0.176155780622799
0.431186366407187
0.475655037798496
0.785220907906950
0.130651597357995
0.0513557326803022
0.627506476971335
0.0290875518506981
0.136194609644932
0.694555598689595
0.515678957454232
0.542582420314772
0.808483508969732
0.793686029689862
0.501867087038036
0.276632057868203
0.119664941102955
0.886597760157759
0.970288991112123
0.942526312878199
0.638128132512361
0.0905901520413662
0.0747081148988100
0.182450936200790
0.0316876620019078
0.724936308045872
0.144158809946439
0.635926816608026
0.789847558684815
0.566253126608988
0.377413923888473
0.821586115511533
0.304880829506504
0.319373097536832
0.784979891382930
0.503736437057276
0.260996731933566
0.732475524156583
0.162949965018604
0.921075222102221
0.222223462665215
0.0836087173480035
0.0737015537421595
0.769551657662049
0.817677026694343
0.740425535280500
0.758248787177962
0.961194980110539
0.466424962099562
0.786996488000829
0.422568083677206
0.943729958429594
0.00131439798824418
0.981267907154657
0.570194182308453
0.346470554408469
0.557503053109067
0.299784702501575
0.159072822525737
0.665256285872595
0.684202783274851
0.792409362348291
0.348624437659894
0.250074733353068
0.345003385293862
0.328632592865502
0.927485532892117
0.756072432453704
0.288238633424684
0.606179876148598
0.766029364237188
0.846152344274838
0.901981191878953
0.595707147578878
0.0685361446160678
0.218043374944113
0.869408491537521
0.414217854149326
0.661209152001319
0.783484840322146
0.247886007622878
0.554425288853058
0.229585395135581
0.00691276397036733
0.766639397234634
0.0218332495144079
0.393103434605689
0.252540155757166
0.204216921394176
0.662279467216610
0.914742080029946
0.00690254774338950
0.746423200362150
0.799670794169673
0.907798941071005
0.974573935385290
0.119863491132223
0.518969763416861
0.821974811688185
0.637022798742926
0.953910376899607
0.946926373226851
0.966605245331986
0.0673441884719516
0.437534793660125
0.320839942810518
0.134052058400440
0.134585150225700
0.805947660318698
0.524764264394895
0.944256970581438
0.988340076638724
0.409894179847122
0.371187877142478
0.226854092445029
0.446030958823852
0.266221437567159
0.459096393967459
0.432905328118769
0.259623434291208
0.133714508366169
0.419228418590875
0.506860511242541
0.324324555000100
0.684688800419701
0.443093511026668
0.435663079837528
0.793023515561676
0.815556369684112
0.752112653709533
0.789255941321280
0.501267453084442
0.555181922697123
0.630749738384447
0.0979891648463104
0.245676181936889
0.615725142289619
0.304959957607017
0.766967602751279
0.267229092367089
0.0395063042516288
0.296561777532987
0.556364975093691
0.969074471088058
0.689124711134179
0.717881398387593
0.559029119569936
0.533354207803659
0.875724002564630
0.393098592724503
0.458066938000918
0.208245204973289
0.757273162983819
0.546692028178502
0.357388192967744
0.700997789695237
0.109222496688655
0.00661076596420229
0.597302079801353
0.659176066621870
0.580006430551879
0.909951610123007
0.636006152111756
0.525561251235387
0.259623080110499
0.0511708673569459
0.731950129159980
0.164291390918458
0.280397005689543
0.259427447977460
0.547095959676547
0.541268467485969
0.788113184048992
0.869605555315031
0.787540530159212
0.969427855895745
0.180468109688552
0.930598962817579
0.0451518760404848
0.240645885287937
0.00885503009860023
0.671593534312873
0.904813230017362
0.572416311611660
0.155461290328972
0.502367433727028
0.567732878272974
0.188271775739867
0.324196463467040
0.716037342838811
0.552928708571216
0.142281739817257
0.380363559412667
0.396569245211042
0.576741695694105
0.0194015027111201
0.577580061269445
0.932196092808549
0.106872780238886
0.732149758734352
0.970522786956106
0.608885538697176
0.719665612178919
0.302752325729782
0.459022394078519
0.0480286131823641
0.385352105175205
0.361716380248139
0.287584055249314
0.816712735890955
0.450528094868533
0.806632520363243
0.790172935024334
0.282957873186578
0.0683092386250433
0.0549307282223953
0.637522639339998
0.424285581217100
0.905531348068602
0.417320883626846
0.154058327516862
0.539999263770361
0.937091367960309
0.660955064915145
0.394657441563815
0.258990542158967
0.847912159970545
0.945056074939906
0.376999837283115
0.0672801845433559
0.181581768675897
0.575747615215569
0.185885031598486
0.291448355951266
0.461664106934666
0.346977441011452
0.318165716539783
0.459914579612446
0.235894920096525
0.0277520375895161
0.658453455956023
0.158803562723388
0.802662600545296
0.408579771834727
0.327391878880550
0.746014728567984
0.746351920345120
0.173954964110564
0.117544801822912
0.174037524385108
0.627409163987095
0.841890255550603
0.510082854851545
0.165763743909395
0.714305282429530
0.907037296307911
0.218537741114588
0.870961447907960
0.211835943615888
0.836664940277770
0.859301689176415
0.523377472974036
0.477362794264840
0.889883132710091
0.0650762004173646
0.509456125157452
0.620797947105788
0.733567439827716
0.229996230884130
0.0218718756991170
0.138988889699740
0.769507446909155
0.969765180908154
0.386794416028229
0.993427789797032
0.326393467680680
0.137161036188198
0.384753630015334
0.562635832519233
0.633835426779715
0.541606384905119
0.314993424436676
0.159326723401660
0.152616233605404
0.136950773617248
0.709803116359699
0.464864466073703
0.113271183329894
0.700878852298407
0.179986137481548
0.803668080429507
0.513956104801505
0.548438361778913
0.207844759450221
0.784588874596060
0.526489632720483
0.571023363557369
0.422040758739480
0.721156309917713
0.0731383111712196
0.594861918268641
0.861977364476974
0.448801060579290
0.652577390457010
0.303473118594698
0.607439950952842
0.278902309933453
0.799562340196158
0.796169117931073
0.954086903392649
0.444338165332343
0.456882812653057
0.599817138290485
0.842621831470619
0.0312004529517733
0.187270141616205
0.943594399351999
0.947922138757693
0.452984391203147
0.810832551157257
0.928879200710096
0.672717280988528
0.372332279639825
0.405695690981349
0.438823921792014
0.678649200703148
0.465070328743592
0.953264168126250
0.354697982136033
0.339020861851316
0.895860046717408
0.545434258258452
0.749283717331470
0.124877199137868
0.453234818121504
0.0747494384557664
0.663340613593339
0.703651641928068
0.918950568308254
0.660071908400953
0.690104919281635
0.853723609811573
0.467901722684299
0.458478681919285
0.806104187449170
0.824767236231277
0.190436103187897
0.0256732083182730
0.0568149604955239
0.142935580292919
0.171418737554450
0.625844781330649
0.0295152077239043
0.472332265248782
0.678442770367227
0.114788969165259
0.236063923996315
0.289080602151233
0.172756294298157
0.323706122716400
0.801110098991791
0.299633699216943
0.775625723147885
0.552770830568696
0.554691721627180
0.730647286641990
0.773624822489764
0.900847104626894
0.138167156355332
0.794076816385522
0.189413374222062
0.0289743825154317
0.127387192476748
0.133735686293017
0.128310959703520
0.935259793027556
0.273230055155759
0.942679255988563
0.638150501471665
0.872530820881277
0.367073238198904
0.236201904992405
0.187318238113239
0.545649264927060
0.255116455050383
0.305823607807962
0.0155486185338325
0.587488093829029
0.962558310905168
0.849847674190795
0.00794029708478894
0.634025539141077
0.359291135173070
0.114059615278847
0.540817926388617
0.416421383244014
0.517098497408891
0.886122876372267
0.149395908274354
0.434676522661601
0.0590388082425261
0.381030056945427
0.722369468378458
0.0951192289399846
0.667190397441320
0.296400554372516
0.598562764039923
0.151851989802075
0.436377106681521
0.0126823005250837
0.229022946792988
0.263679653547978
0.511385232060082
0.215084888111855
0.346109790896044
0.747817091128100
0.413619453185279
0.0557525615493182
0.390028141360061
0.474483940516422
0.825320716477175
0.303643571137111
0.821790139319044
0.565679763291859
0.0543816168663496
0.260014180767495
0.589103551202266
0.479733615438453
0.198650616984483
0.239012662248282
0.780193479231517
0.617309919159101
0.144128799607613
0.716132020170876
0.401506428648898
0.462385367587806
0.707282006505421
0.401210546056948
0.0143854005690653
0.0746404415832269
0.591068174946510
0.446001520274253
0.926620602483740
0.0948933557867648
0.375418783646653
0.545998864026788
0.111678374014769
0.904463234412108
0.633276998600678
0.905411643486748
0.630552939496556
0.0142282768725254
0.316477786767082
0.111870738336340
0.629463131041725
0.0607094478975195
0.673994922037838
0.477439086586489
0.305545802598978
0.516332982266915
0.707028249857610
0.813610983303370
0.315808340008749
0.311302181229750
0.344976871105540
0.666304893094500
0.861071629859334
0.761779254255429
0.875837576645011
0.871235497380345
0.172790403055309
0.850223982229123
0.959588376293602
0.770206989138259
0.875015350637667
0.0674134763683253
0.646792215945972
0.324096590428357
0.640346912484586
0.879751030938417
0.373637675523219
0.766737557593821
0.168086658651728
0.519724683593696
0.627455609342921
0.713913685799429
0.306396105344489
0.263687109426303
0.916003507324704
0.615034263753935
0.0931750600170528
0.627697202078366
0.192028022891077
0.776964690064336
0.864500505417078
0.333581611828889
0.135413999328541
0.765467158330414
0.318613733518638
0.252379511039797
0.200074611449477
0.0690098523576854
0.551910735123011
0.403811623172016
0.750115800816356
0.487183502440431
0.384786122713223
0.0614085102251287
0.213691490822888
0.543873364464748
0.410644612260082
0.900963206050373
0.0562895369863407
0.443509247434072
0.537812527177546
0.134060600345818
0.540947224212142
0.857368192475905
0.198017363329941
0.155609101290637
0.0613777678138677
0.661073988932246
0.0186026419313314
0.291102936564625
0.973823826601782
0.764640454269780
0.243683930209342
0.682116061049510
0.137854510225166
0.629811667025549
0.857014692659853
0.899798333270360
0.348368402231864
0.486310193286963
0.679517492334616
0.704121891203037
0.460884056746050
0.364272297195358
0.280265224232864
0.0762044335388465
0.444624971046257
0.165706296551124
0.398748973477181
0.920584670910461
0.511334385523834
0.914142330394849
0.0919339388425310
0.993037174325257
0.0964336228904869
0.313147493421857
0.785375111038118
0.602400257965727
0.465908353449366
0.298131346189007
0.133172784517682
0.295008954572581
0.166627082935154
0.317103941168720
0.109839680140689
0.832087961406960
0.971592754167428
0.218271272437479
0.706077628393318
0.0390136924156214
0.616295123827850
0.669364170554407
0.0372015327510951
0.00333456174371782
0.142464354163468
0.862405458890795
0.276037416106544
0.531691536998367
0.522221302087482
0.567617714955188
0.333032553637148
0.413416552284401
0.414348152562633
0.983921784285924
0.0577392977967374
0.396542885890120
0.791320582163363
0.594185462784967
0.309563092541107
0.901802906347484
0.0931269898117809
0.319027136248953
0.886961614706448
0.657431673442442
0.684516890301582
0.473948624996901
0.141244158432640
0.950924881573767
0.882626123493787
0.437438546090718
0.834956800914038
0.325143400597060
0.367639299837922
0.794839466004007
0.0993087162421777
0.951781557660750
0.00147392291052195
0.295395849171415
0.0484545523824337
0.442740383821396
0.789846368465099
0.913520615552384
0.533254359985603
0.804076444490502
0.562660356611037
0.750876451961769
0.00923035437930009
0.476784851857698
0.250329526525303
0.307918258418837
0.966949104425550
0.208804360594363
0.520476252773875
0.225546129397670
0.567197873830803
0.998163526074098
0.131865336731199
0.954676584902944
0.123877511497801
0.186238205758118
0.646502710583242
0.128169077499018
0.0813205028568441
0.659227054221110
0.0273988510815916
0.985179800828888
0.539330947126751
0.373834916709097
0.706734886141076
0.947411374406890
0.382277348843862
0.692908554948395
0.602071312401121
0.775257712138230
0.591834205678923
0.376179807647948
0.850649199595792
0.225735190784356
0.796958284325984
0.996881006288545
0.281310820370757
0.710380975024432
0.664642067152854
0.414835533181356
0.498269902274275
0.949123025507723
0.953181675899852
0.732923311686192
0.384680004623791
0.0400827288350992
0.582933585930967
0.564712641714370
0.355182617448626
0.880200821001680
0.624530132995142
0.624015546339929
0.295741411286576
0.0746799268927503
0.293705994392370
0.234739808545134
0.345897380916814
0.848490359055661
0.160364381869830
0.157864376280118
0.508659269642265
0.603301000059333
0.161396968499513
0.635454324849744
0.843940575853591
0.782269211946215
0.264566354354165
0.314698962300904
0.183195571521365
0.447473272545392
0.326678616614663
0.279816289960718
0.931763908416897
0.399692412962547
0.379423156844245
0.592846449490407
0.0685066859472768
0.205237662103164
0.723618278102201
0.575147612830649
0.200232503636967
0.843480345277107
0.423730001010525
0.544750962597235
0.527967383839007
0.185107820794947
0.0816897139884339
0.464093622980913
0.0305547757004935
0.434984157549178
0.557864961322982
0.638782129306526
0.0342174132925895
0.709900447291196
0.169323948454534
0.593382473210353
0.608064919326455
0.772359586986895
0.0562736157423926
0.854725146948443
0.384284325544405
0.399618961028858
0.325417485398251
0.555390110486142
0.295420103219611
0.366120002034356
0.349048328671612
0.630224055538105
0.664442080806904
0.992096336616896
0.944361262162069
0.350347861866455
0.192997944876553
0.919576138372647
0.288692050332415
0.550859427511333
0.919324153814327
0.0900485221385604
0.257696302203106
0.427047957707649
0.577723290040737
0.899521394889066
0.218225616992869
0.967031884473414
0.433981378034610
0.784822423174501
0.525233844620492
0.331276852824455
0.431593646762121
0.717901601019375
0.916212078117228
0.890027987368058
0.134706058376893
0.119912755397263
0.893452421083844
0.653085541752716
0.0402780766775586
0.504715963554568
0.894453465413225
0.385728464443744
0.292051877858027
0.234036569972519
0.200948357365792
0.380306063271272
0.594790142248649
0.268385974964346
0.622442641967573
0.804567309882283
0.103971258522750
0.729240307495485
0.648590264415262
0.474654623354786
0.932912110039707
0.0964436793421524
0.599106918365426
0.233564709215544
0.0323283382069697
0.579859263775277
0.842198152340610
0.556896988122294
0.839882989981967
0.204952273668009
0.621254886812813
0.174020887296907
0.289539818779723
0.0185029353190032
0.701496390153980
0.952091371760300
0.749009335045582
0.756727389482938
0.542089075444797
0.282062872879027
0.244874846890166
0.286318217824419
0.963134410230015
0.230695345634932
0.537321413436084
0.205008252217627
0.434041294551689
0.142211972469126
0.375583774965978
0.793560626787436
0.812815650855027
0.903790906459165
0.540375734165828
0.817863312231253
0.708416645332428
0.0432088518866429
0.145945980419716
0.233335662736813
0.246701081135556
0.170282742970061
0.235056835045954
0.275461075952424
0.951606626170317
0.346670983224879
0.297321937809100
0.404426208195778
0.302237425794988
0.757311083635501
0.359743894064038
0.124899571613080
0.617182559472270
0.355519453713233
0.362938186618310
0.0684882863749460
0.867161871778362
0.457896198017245
0.0776153852163201
0.904921195882039
0.281695880794400
0.613877842567314
0.661857942093214
0.200024595896795
0.959986227572448
0.665105984350354
0.541299839388014
0.868968871664997
0.557047467058915
0.0213981169649879
0.482680551891677
0.807985579141521
0.736009366155118
0.572304395272699
0.00898485336788568
0.718280463661178
0.449426591726197
0.659616768761805
0.753208345950567
0.804739013812769
0.0291555821799541
0.779817267477441
0.567350498584087
0.0761166268515728
0.251621824309164
0.133454528618960
0.564473921782696
0.540981282819544
0.0689214476617044
0.988430867357282
0.251095440428348
0.315472991527951
0.300656948802795
0.0420390381653749
0.527901300708439
0.256022333768320
0.408709992443545
0.947512642788601
0.919280969984633
0.121243677375576
0.591944834715854
0.359652173164073
0.719306932475474
0.523551091500771
0.260843351982082
0.493079306041446
0.855835900703399
0.724406283688824
0.199110301818659
0.157285874413643
0.370475519779316
0.862272004954744
0.684762628110137
0.634197879289704
0.141323291186943
0.0793022450665238
0.876145347529076
0.420428701240150
0.487663607210372
0.460325494339181
0.515677249607505
0.271994390193763
0.231579838051303
0.899534076872039
0.908697326644413
0.603642852234244
0.365236483082946
0.598590500684565
0.668487146264776
0.894564090918275
0.0873355239070054
0.539010349313424
0.428449936007297
0.617153494459035
0.558875876956837
0.225850688199737
0.104519529950634
0.00997765604969036
0.0591533040753343
0.322652370507717
0.779476506848221
0.335478586307354
0.619568612502970
0.992885717464124
0.648005694952403
0.539775820318468
0.232254753050780
0.739832227063707
0.888992345152850
0.859807625912606
0.597060788610351
0.654752143480193
0.915013993756726
0.433183080639157
0.289760755842240
0.631882300545926
0.295421839485955
0.622028790367341
0.0475341941914539
0.994609895249091
0.206764149130446
0.607363956107084
0.347630325692841
0.717737067921327
0.0279932951713195
